Geneid	15	35	45	Entity	Symbol	ClassThreshold	ClassMax	Variance
gene-LUU82_10270	40.28542692802812	37.30711819157868	33.43082747389621	host	gene-LUU82_10270	None	None	1.1401263637358747
gene-LUU82_03285	93.52097024332056	94.4788681989646	86.63424098409389	host	gene-LUU82_03285	None	None	0.9723009715203341
gene-LUU82_02245	74.3060322131919	88.77090558322273	71.09706313230147	host	gene-LUU82_02245	None	None	1.0494726776717918
gene-LUU82_01550	53.19343228705761	67.98987093272518	58.31842701478353	host	gene-LUU82_01550	None	None	1.0945156793106123
gene-LUU82_06715	54.804670051223376	53.937765202559575	41.567738264267255	host	gene-LUU82_06715	None	None	1.0245774451159513
gene-SAM1_00050	1232.938192685874	382.03194061962677	525.6493689711275	phage	gene-SAM1_00050	early	early	202.88651483752196
gene-LUU82_00345	61.18559529684285	72.85394524434885	61.89418287955973	host	pcrA	None	None	0.9245885676308918
gene-LUU82_05130	41.252598325434626	67.70163066220127	48.29736988041733	host	gene-LUU82_05130	None	None	4.23701569898466
gene-LUU82_09450	5.207735564859643	5.519924352610104	5.020669755305797	host	cap8L	None	None	0.07957891690411795
gene-LUU82_07130	9.919475163512386	18.140413080636492	8.56487065096564	host	adhP	None	None	4.8737502485877755
gene-LUU82_01815	57.04598599957088	46.06919906768247	34.2025354248705	host	gene-LUU82_01815	None	None	2.00977907049398
gene-LUU82_07085	312.04695329030466	376.94223901857896	307.64887861214896	host	gene-LUU82_07085	None	None	4.0971437870792995
gene-LUU82_04595	40.171070272152285	50.44200744583543	51.43718256206722	host	gene-LUU82_04595	None	None	0.6438112419275459
gene-LUU82_08575	3.7437699947403913	3.874860488112199	3.5689742314225223	host	gene-LUU82_08575	None	None	0.13351894889796398
gene-LUU82_13380	52.68218252107545	52.995331930556326	41.47107105166936	host	csoR	None	None	0.742186867493089
gene-LUU82_05920	368.97936888814576	352.0406571804428	325.4549996014535	host	sufD	None	None	6.132175101491332
gene-LUU82_03515	1.886985317821282	1.6660107145060847	1.5483837431933127	host	trpB	None	None	0.03147642314665067
gene-LUU82_14065	35.86500466409987	39.408914597450014	33.13664227354889	host	gene-LUU82_14065	None	None	0.5470272566448825
gene-LUU82_09255	3.685792764449483	5.483961947394396	5.26495973117904	host	gene-LUU82_09255	None	None	0.22174812943797934
gene-SAM1_00054	339.2165542590905	102.49221834187277	226.7190994622164	phage	gene-SAM1_00054	early	early	42.64201422340891
gene-LUU82_07375	20.449881758203546	26.270418919963944	23.220567873595204	host	gene-LUU82_07375	None	None	0.36709685275943293
gene-LUU82_00140	300.8253851667955	370.8225346416634	455.2410833584872	host	scn	None	None	20.44697518738979
gene-LUU82_08290	233.83135048271848	327.7277023101638	360.94706085640604	host	gene-LUU82_08290	None	None	14.530271537799521
gene-LUU82_12015	19.35750445296266	21.341353933231588	19.023089820241946	host	gene-LUU82_12015	None	None	0.096879152267611
gene-LUU82_04280	42.74835555920898	46.9231106361347	37.61523751045803	host	rnc	None	None	0.3812183204863532
gene-LUU82_11815	5.784105936902726	29.10120762042891	3.4131968881667896	host	gene-LUU82_11815	None	None	45.156284217172306
gene-LUU82_11665	6.671588958833234	7.549548057076396	6.643966063609676	host	gene-LUU82_11665	None	None	0.0618227699734856
gene-LUU82_12885	22.525875284952917	29.018885028656385	20.277894431075712	host	sfaC	None	None	0.7598675631037569
gene-LUU82_11375	20.721793969689724	25.066020541350884	21.89676515245817	host	gene-LUU82_11375	None	None	0.3904039912684962
gene-LUU82_00485	49.73507364577498	68.29778106119365	59.26829490357617	host	gene-LUU82_00485	None	None	1.357669897930378
gene-LUU82_11280	3.355611049240819	3.3638887715649743	2.8075746180055376	host	gene-LUU82_11280	None	None	0.04946249066015445
gene-LUU82_03040	32.2428577407463	40.03308098005369	36.95606307861036	host	aroC	None	None	0.5251351366204853
gene-LUU82_08920	8.987076614525444	10.472316564500673	7.46323613831667	host	gene-LUU82_08920	None	None	0.1866462602327923
gene-LUU82_09710	24.37133307432573	26.31999557182284	25.322400024578045	host	gene-LUU82_09710	None	None	0.2703727605120526
gene-LUU82_10095	110.713750306797	129.13739595187516	114.62195338470464	host	gene-LUU82_10095	None	None	1.2473613249886129
gene-LUU82_01865	64.3363584748522	75.8081423868285	71.3544965723275	host	gene-LUU82_01865	None	None	1.076794907148645
gene-LUU82_07750	155.42388824614002	205.43881799745478	190.54001406355283	host	gene-LUU82_07750	None	None	3.483922619403989
gene-LUU82_13605	76.07436675754882	88.32997096039269	72.9548223216037	host	tsaD	None	None	0.8007766027901234
gene-LUU82_05045	779.7148920344472	918.9166898659755	849.4637114734514	host	ptsP	None	None	6.4398309750758
gene-LUU82_02175	497.9871172537201	497.2688010844112	422.4963683451176	host	tgt	None	None	4.521896869109217
gene-LUU82_05590	2.8865478108999714	3.076469060964575	2.528319154836947	host	gene-LUU82_05590	None	None	0.05479927260205956
gene-LUU82_03780	7.520018368323392	8.845625292890706	8.08320319657637	host	gene-LUU82_03780	None	None	0.11484338537887324
gene-LUU82_05165	1192.459055334482	1219.5447501104372	860.452945115631	host	qoxB	None	None	61.81733378577379
gene-LUU82_12460	45.67304497972311	48.14747459130543	47.98505010831474	host	gene-LUU82_12460	None	None	0.6721525319638754
gene-LUU82_09315	14.833228093896983	18.97184760548748	20.883951541632456	host	gene-LUU82_09315	None	None	0.7751481297707798
gene-LUU82_07425	22.384403852497528	31.787931751209683	30.677679715876568	host	gene-LUU82_07425	None	None	0.7742840752369909
gene-LUU82_00390	34.30540968574484	35.60426965575032	31.232551169909502	host	rlmD	None	None	0.15294786298585056
gene-LUU82_08615	12.319737152788719	18.47506207457349	14.443955510854849	host	gene-LUU82_08615	None	None	0.582707389958048
gene-LUU82_12815	2.0143865156167853	2.063684341682173	1.8097835352488076	host	lacD	None	None	0.026798130273046783
gene-LUU82_03050	55.1692490480558	65.46683386452922	61.72532303791627	host	aroA	None	None	1.1312264527968097
gene-LUU82_00400	9.462170769858284	10.134036676956178	8.80510493941261	host	dinB	None	None	0.07206986693002485
gene-LUU82_06275	770.4093606188194	894.9814728321809	760.3050868312984	host	gene-LUU82_06275	None	None	12.452254359552564
gene-SAM1_00112	603.6066833123112	436.5926699405443	548.2240335976733	phage	gene-SAM1_00112	early	early	13.689734574676466
gene-LUU82_02055	75.17982177077675	72.5682021999085	56.14079810591979	host	gene-LUU82_02055	None	None	1.4154760391398618
gene-LUU82_11750	22.648950446054567	31.251902554043102	23.081635196547342	host	gene-LUU82_11750	None	None	2.236948774938925
gene-LUU82_02045	74.60895674710287	73.87815976461913	58.03334530850653	host	gene-LUU82_02045	None	None	1.139109483233623
gene-LUU82_05425	7.93968673889339	8.51901231412483	8.57418296863468	host	gene-LUU82_05425	None	None	0.05193205802568857
gene-LUU82_04900	450.010802844135	552.343127892912	473.8450700673149	host	gene-LUU82_04900	None	None	11.876175949547623
gene-LUU82_10820	11.048160042818173	14.272860378505255	11.697359917841823	host	gene-LUU82_10820	None	None	0.34572381982953704
gene-LUU82_08160	2.661844361863975	3.155382785760516	2.5004231101287817	host	gene-LUU82_08160	None	None	0.043747657780275444
gene-LUU82_11650	2.689156279714435	3.0125113777538446	2.542763821880549	host	bioA	None	None	0.07273764002132281
gene-LUU82_08190	0.818741855497461	1.134892660370505	1.090845319652291	host	gene-LUU82_08190	None	None	0.11282271026069743
gene-LUU82_05335	267.4712787750546	312.4298263823295	264.51291605128563	host	gene-LUU82_05335	None	None	3.5412926947296963
gene-LUU82_05665	68.26629875360584	68.79887439684012	61.91006911732288	host	gene-LUU82_05665	None	None	0.23324275134959788
gene-LUU82_13585	25.962341116122506	30.237441070035356	24.55809215871487	host	gene-LUU82_13585	None	None	0.40081454767855523
gene-LUU82_06795	56.8611251007068	70.50808610591986	63.3528172686338	host	gene-LUU82_06795	None	None	0.9049156220691187
gene-LUU82_06305	15.993131254022153	22.222217988958928	18.544536742008802	host	rapZ	None	None	0.41540356868771894
gene-LUU82_02765	70.06006148243004	83.076672885441	71.54629829298942	host	recN	None	None	1.0038751752004245
gene-LUU82_01795	3038.0692101961354	2789.7758341469835	2409.9764927434194	host	rpsD	None	None	33.21980626372059
gene-LUU82_08925	8.32851542184453	8.627427208084248	7.203071191858082	host	gene-LUU82_08925	None	None	0.10036872861452205
gene-LUU82_09785	4.310795434766628	4.988040126181601	4.523190660572369	host	gene-LUU82_09785	None	None	0.045063710401317576
gene-LUU82_00080	2.389982869771741	2.204092727481217	1.9314826128209042	host	gene-LUU82_00080	None	None	0.05541633447725066
gene-LUU82_12935	31.5751803685926	31.989252427303295	29.884408409456324	host	gene-LUU82_12935	None	None	0.32904563011519544
gene-LUU82_00775	27.690753125881344	44.38707036903699	161.56177326972036	host	gene-LUU82_00775	None	None	46.0350244731074
gene-LUU82_02840	98.66891977712707	139.0200068660205	127.24796385337457	host	zwf	None	None	3.49361100875497
gene-LUU82_12135	1.5012625483910602	1.6820358900016228	1.3935989473657884	host	hutU	None	None	0.020471131592505465
gene-LUU82_05680	7.342564042800089	18.708017419846005	8.108844332320784	host	argH	None	None	8.048565946142789
gene-LUU82_01670	181.79323779588245	197.04361710407497	169.39302025700678	host	murC	None	None	1.4032339987035665
gene-LUU82_00340	49.82813313463902	56.64053584565291	46.474407537479976	host	gene-LUU82_00340	None	None	0.5098452534885769
gene-LUU82_04585	22.533564070067253	16.49913125139088	15.008332391400216	host	gene-LUU82_04585	None	None	1.1368806690158018
gene-LUU82_02875	122.77893731846234	132.01606048067978	136.57503713377238	host	gene-LUU82_02875	None	None	0.9324216770869979
gene-LUU82_05085	29.87451294534284	34.48066703637567	39.00197826559039	host	gene-LUU82_05085	None	None	1.0225888022812788
gene-LUU82_07835	132.00158780897155	159.01330492662956	149.71978950309855	host	metG	None	None	2.050534221898179
gene-LUU82_06980	41.30152574291626	52.01794159733762	43.5821498164687	host	gene-LUU82_06980	None	None	0.5609481196455345
gene-LUU82_10015	9.207821638205935	10.961434577321517	9.79544931295701	host	gene-LUU82_10015	None	None	0.08321675114657148
gene-LUU82_06280	139.98133804658545	158.51863207816885	139.50707552092243	host	gene-LUU82_06280	None	None	1.2049391279321395
gene-LUU82_03355	52.41332950838409	64.3654159442376	53.65565522275629	host	gene-LUU82_03355	None	None	0.7999317831098165
gene-LUU82_02980	104.57716902032503	127.93227272452152	108.70086067493583	host	cmk	None	None	1.9087444159551041
gene-SAM1_00216	134.57775458459457	58.10254374865145	191.44186622725806	phage	gene-SAM1_00216	early	late	26.4623973765078
gene-LUU82_03335	30.943572294634645	38.296018075813215	36.20071089340848	host	gene-LUU82_03335	None	None	0.49768987213546506
gene-LUU82_09405	17.16053063511436	21.738503428761096	22.5209529724429	host	gene-LUU82_09405	None	None	0.5112331737615561
gene-LUU82_05390	81.55857442913886	94.9440860995566	83.65203926969063	host	gene-LUU82_05390	None	None	0.7728928211534458
gene-LUU82_07645	2796.440704278017	3222.0067206022254	2972.4632255607844	host	gene-LUU82_07645	None	None	32.786616004491044
gene-LUU82_12855	794.3330380520993	774.7540355065066	883.7471291634824	host	amaP	None	None	13.387852413650167
gene-LUU82_05275	51.05920189908661	68.48316546586709	64.13431980331148	host	gene-LUU82_05275	None	None	1.1229255536616503
gene-LUU82_05610	44.429602256902854	65.65629016477583	51.933024357703204	host	clpB	None	None	2.4361237699332716
gene-LUU82_10410	7.6072660305474855	8.484034435965388	6.954227380202856	host	gene-LUU82_10410	None	None	0.1405565582656397
gene-LUU82_01995	1985.626486885605	2065.1782289409402	1778.9536766406475	host	infC	None	None	13.60358081810123
gene-LUU82_12780	12.344494436657065	17.937516993000596	16.323343683453253	host	gene-LUU82_12780	None	None	0.5597804060854905
gene-LUU82_02210	93.73334377352496	123.8714814842612	116.32232324566364	host	gene-LUU82_02210	None	None	1.9769616670450263
gene-LUU82_13655	42.37071682258351	60.18984689918157	51.426826700908315	host	gene-LUU82_13655	None	None	1.5147175703369078
gene-LUU82_07280	44.89453356558416	56.87666099128274	53.940382285709575	host	gene-LUU82_07280	None	None	0.9017733302047064
gene-LUU82_06745	93.90226472376504	102.2415472051826	102.91369791310082	host	gene-LUU82_06745	None	None	1.0898693504153742
gene-LUU82_00060	7.852046930674916	7.845565505646696	7.959817964977396	host	gene-LUU82_00060	None	None	0.03003526682818316
gene-LUU82_03400	2.7961381518765727	4.044538943996427	4.424995681483134	host	dapA	None	None	0.29611130377167627
gene-LUU82_03865	8.02476731037196	11.0409770841275	11.704174009399496	host	gene-LUU82_03865	None	None	0.4952274315285338
gene-LUU82_07905	169.30980951549554	239.04552769981152	206.81509853065302	host	recR	None	None	6.560598850350736
gene-LUU82_12790	23.71761514098722	28.737413365153174	25.960318707522514	host	gene-LUU82_12790	None	None	0.3056567622651798
gene-LUU82_00895	1105.0415637021458	1311.2096405837524	1110.805148923253	host	gene-LUU82_00895	None	None	15.394341606651597
gene-LUU82_08590	41.84850456591329	48.977798586324546	44.453365172775115	host	gene-LUU82_08590	None	None	0.6865081284472917
gene-LUU82_10140	143.58290199681576	172.35113030228035	160.6305314044397	host	recF	None	None	2.286786913428885
gene-SAM1_00206	71.72421086401063	28.87981291095572	142.5165084824349	phage	gene-SAM1_00206	early	late	30.77215013656551
gene-LUU82_01700	109.85144767697675	143.0000049904079	135.18855796712754	host	ccpA	None	None	2.4245468130486945
gene-SAM1_00006	212.83725632447832	90.65541876701057	262.10209163180696	phage	gene-SAM1_00006	early	late	30.374289577409463
gene-LUU82_02415	10.332796461905238	11.617067298265573	10.704573266938551	host	gene-LUU82_02415	None	None	0.06415404077528257
gene-LUU82_10560	21.27244896837323	21.99280117791524	17.83379409737644	host	gene-LUU82_10560	None	None	0.23571370807094655
gene-LUU82_13560	1.6026438845218118	1.658849242291048	1.455948187848677	host	gene-LUU82_13560	None	None	0.021325927838126757
gene-LUU82_07535	73.16449499532784	90.68884532521577	75.39496069264429	host	rlmB	None	None	1.706206405983487
gene-LUU82_02770	81.82294375236329	94.22316012929834	80.00421343189628	host	lpdA	None	None	1.7362907200067987
gene-LUU82_07445	20.82727147031529	31.214102070416402	28.278830441849028	host	gene-LUU82_07445	None	None	0.8392143152369579
gene-LUU82_03960	24.849369096992557	28.207806417663836	23.72864551215017	host	mutS	None	None	0.2626600807215479
gene-LUU82_07800	364.6415310947286	379.308804173003	372.6428086157551	host	gene-LUU82_07800	None	None	5.415120189831565
gene-LUU82_05100	71.82963622035369	118.2300996402159	106.99442410311748	host	purN	None	None	7.0135954377386955
gene-LUU82_10340	2.5911549084694343	2.8207606472613325	2.7153129245666165	host	hisH	None	None	0.057373235912388826
gene-LUU82_03990	85.67548979183834	85.93814454112544	89.51972599585423	host	gene-LUU82_03990	None	None	1.7283910748653506
gene-LUU82_06055	49.63602042983566	66.5370294395688	65.0809959609761	host	gene-LUU82_06055	None	None	1.4456933677506305
gene-LUU82_08865	52.54228092821177	57.630797074379046	50.96883583941229	host	lytM	None	None	0.23420050874325127
gene-LUU82_01175	64.71061052916319	61.91229039684271	49.212935447525545	host	gene-LUU82_01175	None	None	1.4178467459658388
gene-LUU82_10385	56.66011969400497	73.47853554482533	59.14372387909028	host	icaR	None	None	2.4939521577763406
gene-LUU82_13070	1802.4140328764543	2270.976126412906	2195.372527520811	host	gene-LUU82_13070	None	None	58.16808617711024
gene-LUU82_00505	30.988159838880776	30.146543325884164	27.086719231653337	host	gene-LUU82_00505	None	None	0.1706636406247456
gene-LUU82_05530	0.2643858420597572	0.34238072223923005	0.29474736514787464	host	gene-LUU82_05530	None	None	0.006997213727759618
gene-LUU82_11610	67.94447737193322	65.69350196663	60.98282603588532	host	gene-LUU82_11610	None	None	0.6909284824874732
gene-LUU82_05145	47.071206351677034	67.45182140124395	60.44336614868746	host	folD	None	None	1.6519921284906893
gene-LUU82_11125	71.72486885342109	58.205201541103186	46.65632491098703	host	gene-LUU82_11125	None	None	2.5647902966936162
gene-LUU82_12080	19.44698728059859	29.421682084291017	31.2030564823564	host	gene-LUU82_12080	None	None	1.1404407246090376
gene-LUU82_12940	40.46878394042104	46.44646657157333	39.36825473461326	host	sepA	None	None	0.5007322214121881
gene-LUU82_13315	115.41092860734715	120.63539258203382	111.80830774869871	host	gene-LUU82_13315	None	None	0.5630546631256407
gene-LUU82_07405	36.34041345786955	41.45154182826577	32.42016879148418	host	gene-LUU82_07405	None	None	0.4974745719222657
gene-LUU82_08285	434.72231239875356	587.1689752504911	641.8717084547256	host	guaB	None	None	24.81015623484584
gene-LUU82_09150	22.702708789921648	76.33627465256687	7.392863242803564	host	pflA	None	None	101.68084199818175
gene-LUU82_10020	10.290973593376327	11.91134585165076	11.305113626628815	host	gene-LUU82_10020	None	None	0.20073150667061612
gene-LUU82_05485	58.85011062187624	100.27377063924673	100.68549563774765	host	pepF	None	None	5.497540486956481
gene-SAM1_00022	680.2764489727916	201.87657902636633	249.22216915387776	phage	gene-SAM1_00022	early	early	123.45423690077621
gene-LUU82_03765	25.45923403631392	22.85814123069468	17.07804498740859	host	gene-LUU82_03765	None	None	0.7450092389714382
gene-LUU82_04240	4611.582358572977	3906.9040113304313	3339.848869859419	host	rplS	None	None	96.99397295230722
gene-LUU82_01655	71.70000746667087	79.53730331385216	62.961762295348734	host	gene-LUU82_01655	None	None	0.8088589075807784
gene-LUU82_04885	80.16050084506396	66.79998926637008	42.15067681293032	host	gene-LUU82_04885	None	None	4.282659518502901
gene-LUU82_07930	22629.926307650054	32974.58844892861	32669.299948552154	host	ffs	None	None	1710.6278096025908
gene-LUU82_07815	611.5551334178972	578.9472822497505	596.8589722544007	host	gene-LUU82_07815	None	None	2.207546978723233
gene-LUU82_02095	2.029323038967117	1.8091724858870935	1.7487844713748413	host	gene-LUU82_02095	None	None	0.033982536173066485
gene-LUU82_01015	1550.3429092601625	1642.458351805807	1714.2417000077273	host	gene-LUU82_01015	None	None	48.23491500714435
gene-LUU82_02190	65.89216350068641	57.281399415971265	49.12130116045072	host	recJ	None	None	1.3219700034490438
gene-LUU82_02505	37.16130205657038	44.032207832052364	36.62791617606867	host	gene-LUU82_02505	None	None	0.31758326348870236
gene-LUU82_11590	6.565911301970954	7.686100780825849	6.97576092009496	host	gene-LUU82_11590	None	None	0.07518446339654274
gene-LUU82_05155	5.217979286711622	4.796149898249543	3.263469924153913	host	gene-LUU82_05155	None	None	0.5239536749186213
gene-LUU82_03520	0.7524868815225138	0.846436569831159	0.8043521265478448	host	gene-LUU82_03520	None	None	0.03479957063610002
gene-LUU82_08185	1.22940217472957	1.4702110806113924	1.0460417393416115	host	gene-LUU82_08185	None	None	0.036497522451710306
gene-LUU82_03710	90.0808119090155	46.77781879002263	58.42121501431888	host	gene-LUU82_03710	None	None	6.143664572252545
gene-LUU82_06000	6.535779047766346	8.024324348941965	7.323705310527064	host	gene-LUU82_06000	None	None	0.136006027828025
gene-LUU82_12660	2600.4361256257685	2505.0131369402243	2353.2915756660004	host	gene-LUU82_12660	None	None	25.570799694887864
gene-LUU82_08460	15.56712017216507	18.181158926411026	16.174503925211475	host	gene-LUU82_08460	None	None	0.1915634921040529
gene-LUU82_01690	71.82338369043828	99.82702733313073	102.662721579186	host	gene-LUU82_01690	None	None	2.58298463764165
gene-LUU82_05830	236.13115044900732	317.92376625767366	221.51009428746855	host	gene-LUU82_05830	None	None	10.669269875661568
gene-LUU82_09935	15.30401334571741	19.366402475078775	17.34298541327024	host	gene-LUU82_09935	None	None	0.21119198289456034
gene-LUU82_02665	1.6436646154388272	1.9396331619076754	1.6650731314726899	host	gene-LUU82_02665	None	None	0.03975219537583006
gene-LUU82_13970	16.69160807236835	19.603614956958797	17.1330025990756	host	gene-LUU82_13970	None	None	0.23753957438033355
gene-LUU82_12980	472.48466298964263	481.006873277314	393.97426015493335	host	gene-LUU82_12980	None	None	15.899364828938085
gene-LUU82_03350	38.391887772785005	50.05228310285592	42.40018308036476	host	gene-LUU82_03350	None	None	0.7123819864714502
gene-LUU82_08180	1.5897534580180628	1.4270462668544885	1.2296710361413727	host	gene-LUU82_08180	None	None	0.03304789010058904
gene-LUU82_00480	283.6071439118222	326.44880113698764	321.3883727484938	host	gene-LUU82_00480	None	None	3.9679480371542946
gene-LUU82_04250	138.21020849163233	107.97536680721919	87.81075869332666	host	rimM	None	None	4.300905847401512
gene-LUU82_05690	34.89841113354678	46.37556013825787	37.973983088971686	host	gene-LUU82_05690	None	None	0.8400461751286608
gene-LUU82_13415	5.040722231232413	5.505752900001091	4.976106090381878	host	gene-LUU82_13415	None	None	0.11348028577122608
gene-LUU82_06210	3.9984718756722963	3.595543437142228	2.8279234817751195	host	gene-LUU82_06210	None	None	0.17356497714948876
gene-LUU82_12310	8.805649811233073	12.72924524841739	14.03553262464657	host	gene-LUU82_12310	None	None	0.47885931488184835
gene-LUU82_09310	14.782557861048849	17.842486602524612	12.233588862073672	host	gene-LUU82_09310	None	None	0.7331111255522975
gene-LUU82_01805	152.12795392543612	189.8156714698487	167.65352414479165	host	ezrA	None	None	1.7353887168948448
gene-LUU82_08045	31.63633656135758	41.26803774411962	36.50223237656622	host	gene-LUU82_08045	None	None	0.6494462282553005
gene-LUU82_04130	162.95436807828875	156.1660967001592	138.4281817172542	host	gene-LUU82_04130	None	None	1.2714909626226423
gene-LUU82_05785	74.40560632538516	104.40000471044733	85.04046239762987	host	gene-LUU82_05785	None	None	2.8113689556106656
gene-LUU82_07675	497.48245681467114	542.1702082526461	431.57572033993983	host	gene-LUU82_07675	None	None	47.57847683011343
gene-LUU82_02425	4.656083444493779	5.16114841055381	4.459066413610241	host	gene-LUU82_02425	None	None	0.02390415713997747
gene-LUU82_11595	38.8841373603777	50.230676137897944	42.7428106214015	host	gene-LUU82_11595	None	None	0.5261476618357611
gene-LUU82_12120	32.73244881634234	36.65850252993272	35.80141898858654	host	hutG	None	None	0.6798555441855353
gene-LUU82_00885	254.33368805044088	241.2703245092681	232.81737914434663	host	perR	None	None	1.5135693540561863
gene-LUU82_04960	56.33354103056624	45.89652066127096	40.07110583048183	host	gene-LUU82_04960	None	None	1.341502329816735
gene-LUU82_04100	266.5454340200985	252.51373833921025	212.01980815676873	host	gene-LUU82_04100	None	None	3.2480070317153653
gene-SAM1_00005	227.21243343068764	92.60076431510306	315.24572760158276	phage	gene-SAM1_00005	early	late	44.183367136029155
gene-LUU82_13720	149.4548231196575	234.97506885932492	163.369150568167	host	groL	None	None	9.319285504855879
gene-LUU82_02085	128.800652342728	137.3987176215839	114.67604063645233	host	gene-LUU82_02085	None	None	1.1332895838718227
gene-SAM1_00033	1653.6376701465986	1613.3472811548654	1261.4345784475092	phage	gene-SAM1_00033	early	early	33.47456499273171
gene-LUU82_11115	6.195648414855447	4.9979052618184605	3.0052808364377483	host	gene-LUU82_11115	None	None	0.5789458319036042
gene-LUU82_00090	4.995523871576244	5.714712788615902	5.685511764253483	host	gene-LUU82_00090	None	None	0.08331118577889444
gene-LUU82_03320	63.44181916622052	82.28794212001218	71.76890181703011	host	gene-LUU82_03320	None	None	1.0872159218227733
gene-LUU82_11585	9.303708528965547	8.439266509166545	6.8599429498523925	host	gene-LUU82_11585	None	None	0.16278058007176868
gene-LUU82_01465	35.55988370933762	45.24553953475936	36.21218598294532	host	gene-LUU82_01465	None	None	0.8483954385926391
gene-LUU82_09790	3.0705181542999394	4.264828419816858	4.018156322080792	host	gene-LUU82_09790	None	None	0.09862043766968447
gene-LUU82_09775	10.023304554694548	10.892761996681935	10.045123239059917	host	gene-LUU82_09775	None	None	0.027457554397995593
gene-SAM1_00173	1047.6548555190727	1237.1268282237102	1464.506313752031	phage	gene-SAM1_00173	early	late	31.07114542340806
gene-LUU82_13270	844.6447566247671	956.7400462569503	758.7943108832956	host	atpB	None	None	21.367913824018054
gene-LUU82_08605	12.308064677927122	17.693046979349223	13.468358151022066	host	gene-LUU82_08605	None	None	0.4159013426540836
gene-LUU82_13905	248.51881954714585	273.07688289929155	234.6484501546977	host	gene-LUU82_13905	None	None	5.944849113554447
gene-LUU82_01220	1891.2250291646935	1980.4364370800233	1760.7302346364693	host	gene-LUU82_01220	None	None	126.47050941866203
gene-LUU82_01620	77.49861876375759	107.20797933718406	98.16023457103445	host	dat	None	None	2.321817756927811
gene-LUU82_12155	8.760037896770672	11.750610954747948	10.315199253357806	host	gene-LUU82_12155	None	None	0.2507702140236055
gene-LUU82_02090	152.1351111693556	161.75648322999996	138.00000803185193	host	gene-LUU82_02090	None	None	1.052132681340593
gene-LUU82_03540	2.1271985105527804	2.5623772240095106	2.5032547652379886	host	gene-LUU82_03540	None	None	0.025065713707855746
gene-LUU82_03360	30.125119263591273	44.16190108264079	33.15760428015008	host	msaA	None	None	1.6321558947879053
gene-LUU82_06145	41.6185544647509	45.42724275812893	40.30675311359032	host	gene-LUU82_06145	None	None	0.41426854990646694
gene-LUU82_02565	75.89021117542337	78.25975641653612	69.65106194730731	host	gene-LUU82_02565	None	None	0.32776353501764754
gene-LUU82_11260	19.05000771217113	29.74014426167247	45.69287224320664	host	fnbA	None	None	6.198559709676624
gene-LUU82_01960	5.260386456931964	6.914309516556224	6.137103398489027	host	gap	None	None	0.11376950339775276
gene-LUU82_11780	36.35273938150294	39.86058351854901	29.066200885442367	host	gene-LUU82_11780	None	None	1.1268484739541502
gene-LUU82_02205	144.98523803793697	183.10046321568618	181.46730001009996	host	dtd	None	None	3.2182304224265446
gene-SAM1_00070	4482.4981841781355	1090.9413303664376	1083.4812394321932	phage	gene-SAM1_00070	early	early	1159.9417351000557
gene-LUU82_07920	26.44564510385885	29.31083101493769	25.15719226855157	host	gene-LUU82_07920	None	None	0.32014697553359117
gene-LUU82_04325	9058.485933780534	8751.638006567324	9281.887623352332	host	rpmB	None	None	144.40367040672487
gene-LUU82_04925	52.44062224516407	61.685210690659176	55.20293865150874	host	gene-LUU82_04925	None	None	0.5141432396809811
gene-LUU82_07160	10.94762009231593	14.69328342272617	12.882412442597838	host	gene-LUU82_07160	None	None	0.2591694628209417
gene-LUU82_04705	51.33991617360285	71.37628521051323	60.77002451971848	host	racE	None	None	1.2418904593330136
gene-LUU82_05055	127.70080956380427	131.75762323606457	130.16419156313592	host	gene-LUU82_05055	None	None	1.415612755762474
gene-LUU82_08505	29.34147272492646	41.14588474939771	35.98793405992883	host	tatC	None	None	0.7728793843195942
gene-LUU82_12825	2.721888496875193	2.7118467499028225	2.510884048974707	host	gene-LUU82_12825	None	None	0.02672762117383884
gene-LUU82_02960	142.7321571520417	195.5069321219472	181.61131363664785	host	ebpS	None	None	4.271490230237269
gene-LUU82_05410	62.687994974741365	82.20097598293364	66.34531198991355	host	gene-LUU82_05410	None	None	1.228039892504898
gene-LUU82_03185	4.301025092349341	11.934234493218637	2.693285185956322	host	tdcB	None	None	10.571543314335404
gene-LUU82_09850	12.635043904849583	13.237004742811097	12.747637623201543	host	sqr	None	None	0.25991231078603394
gene-LUU82_03025	115.48326034216393	128.462084419515	112.3224616660376	host	gene-LUU82_03025	None	None	0.7961491262068133
gene-LUU82_09925	62.37331950093475	77.78216991065868	68.09627164062199	host	gene-LUU82_09925	None	None	0.7547273868515528
gene-LUU82_04970	54.619186132622964	46.38930939004988	39.35457474258223	host	gene-LUU82_04970	None	None	1.1501383604823487
gene-SAM1_00212	252.63284057482284	83.2090775709912	282.32814702671175	phage	gene-SAM1_00212	early	late	39.142062087010636
gene-LUU82_09700	3596.618845843533	5254.761862622473	6188.281710768258	host	spa	None	None	284.7522859951518
gene-LUU82_01870	348.45174673608085	462.431062050302	446.17849086440816	host	gene-LUU82_01870	None	None	8.590711889417053
gene-LUU82_11935	47.81072403034153	59.81986066837169	45.987041157083326	host	gene-LUU82_11935	None	None	0.893506456719307
gene-LUU82_02305	106.06397777116986	103.10304863806998	82.61243210722553	host	gene-LUU82_02305	None	None	1.148706243910049
gene-LUU82_07120	73.88293815249763	88.29676866522918	76.31616724393596	host	gene-LUU82_07120	None	None	0.7539769553163661
gene-LUU82_10105	22.31796522524471	25.5929900991763	26.721637791348332	host	gene-LUU82_10105	None	None	0.3992375900394055
gene-LUU82_13340	13.987949627506026	14.376288284560744	12.175227658937816	host	sceD	None	None	0.16563125718606417
gene-SAM1_00051	2258.979444414462	721.9892040512968	831.5472875517694	phage	gene-SAM1_00051	early	early	394.9352556094727
gene-LUU82_09870	16.625895709835472	15.87750549880974	14.62377948630126	host	gene-LUU82_09870	None	None	0.20717412800252172
gene-LUU82_03635	383.51199086286755	424.1614773014983	369.84508989076585	host	mscL	None	None	7.137730292393502
gene-LUU82_02820	14.14250480999984	16.266923098795672	13.706449566796204	host	gene-LUU82_02820	None	None	0.2428158617701987
gene-LUU82_05850	25.656325058719602	32.05341380193659	28.378221813722476	host	gene-LUU82_05850	None	None	0.6145343260159457
gene-LUU82_09990	78.43310962979024	89.89935086962369	83.13719977560339	host	gene-LUU82_09990	None	None	0.6363343649366219
gene-LUU82_10850	41.08203364622505	45.05929559536069	47.14940529972702	host	gene-LUU82_10850	None	None	0.9108114855506555
gene-LUU82_13055	9.92078137665731	11.187511845991892	9.123199048909285	host	gene-LUU82_13055	None	None	0.1343896376250422
gene-LUU82_02330	7.122713233591777	7.207631973541837	9.536274343646909	host	pxpB	None	None	0.24585687468644637
gene-LUU82_09270	29.155211140566227	33.009306318142556	32.48319404171786	host	gene-LUU82_09270	None	None	0.24167279635277814
gene-LUU82_10555	25.836372350716918	27.106006176048282	21.05400401734397	host	arcC	None	None	0.3042829150705871
gene-LUU82_01665	142.23024085192534	154.6758174001909	135.23463492615642	host	gene-LUU82_01665	None	None	1.7166985672380264
gene-LUU82_03445	3.1268669256671884	4.070654614917074	3.3489231810815716	host	pstB	None	None	0.07697896674844838
gene-LUU82_12215	57.06384080211085	69.50242615690908	66.30088317699919	host	gene-LUU82_12215	None	None	0.8151295198381553
gene-SAM1_00059	1558.1752735574416	395.5949463398791	458.0761328694296	phage	gene-SAM1_00059	early	early	355.9523042861759
gene-SAM1_00061	2320.105755179647	834.9042535008499	1048.7499708867751	phage	gene-SAM1_00061	early	early	313.3574237638664
gene-LUU82_08735	16.969047185564218	18.316244637842036	16.764332061377434	host	gene-LUU82_08735	None	None	0.12919742032116624
gene-LUU82_08370	39.18908399866828	51.96668555719888	53.8851842172023	host	gene-LUU82_08370	None	None	1.9745963919138703
gene-LUU82_04855	86.1266155874613	96.37128004872862	81.12775303082115	host	gene-LUU82_04855	None	None	0.7940346449265924
gene-LUU82_08260	12.043715839254661	13.424852869228815	11.491622762364786	host	gene-LUU82_08260	None	None	0.13747384304578353
gene-LUU82_04160	1806.7119660971769	1651.8900656327107	1466.7178070202597	host	rpsB	None	None	14.5433762256432
gene-LUU82_05810	423.13434003120256	573.4341394791921	428.41171303300877	host	dltC	None	None	13.356120067999477
gene-LUU82_01505	33.76882923819766	33.445965982785204	27.122546974925097	host	arsB	None	None	0.3928213486613348
gene-LUU82_09520	13.19103772904702	15.243777090808507	12.125712278156648	host	gene-LUU82_09520	None	None	0.28002622705996283
gene-SAM1_00073	2129.852352751469	6233.105514793329	7104.510692367036	phage	gene-SAM1_00073	early	late	963.6444051135229
gene-LUU82_13185	72.18766977969459	92.72405607674274	80.21172764649107	host	gene-LUU82_13185	None	None	1.184564403788783
gene-LUU82_12570	4582.5625662307175	3987.279166963686	3628.7701730501467	host	rplB	None	None	118.93285601710913
gene-LUU82_02495	335.8107173577924	394.0709578646608	403.50086307656966	host	floA	None	None	5.390170869235299
gene-LUU82_03495	31.062869940992965	34.11299947253637	32.50298117730477	host	gene-LUU82_03495	None	None	0.1981187857079466
gene-LUU82_09055	120.26123954104709	469.1242765252789	33.4242600438464	host	gene-LUU82_09055	None	None	725.0673357526485
gene-LUU82_07200	13.834677028756525	21.17975437614518	17.98648202104578	host	gene-LUU82_07200	None	None	0.5713429928207215
gene-SAM1_00109	657.713552987551	453.37298875562055	506.18293666363047	phage	gene-SAM1_00109	early	early	19.579537113512817
gene-LUU82_01915	197.78411022907005	233.4687854628412	220.18707911564806	host	gene-LUU82_01915	None	None	2.0265088032198317
gene-LUU82_07455	4033.851553556729	3766.323840411027	3518.990195836546	host	fusA	None	None	101.31978118129321
gene-LUU82_07190	32.24293266499408	48.29134759562576	43.317965674243574	host	gene-LUU82_07190	None	None	1.7275417019291122
gene-LUU82_02005	1713.1167357511188	1742.7023373882214	1489.4200614031015	host	rplT	None	None	23.263078212800032
gene-LUU82_12755	2.155098585032239	2.0434748789040937	1.4877768484912044	host	gene-LUU82_12755	None	None	0.07013644063482342
gene-LUU82_10615	15.58371085530827	22.300419952899897	29.147484566822325	host	gene-LUU82_10615	None	None	1.544471863397643
gene-LUU82_03105	57.55168398621881	63.82864687453456	55.195664718675694	host	gene-LUU82_03105	None	None	0.5221592131466608
gene-LUU82_13780	128.35907592483738	177.2809645509466	160.13610183854652	host	gene-LUU82_13780	None	None	3.6932193569982243
gene-LUU82_08135	25.218802586778526	28.404036721682047	19.828406156605038	host	gene-LUU82_08135	None	None	3.1608853907476737
gene-LUU82_00805	175.63680940890322	209.71773129580848	221.57099025357684	host	gene-LUU82_00805	None	None	2.584493658734773
gene-SAM1_00115	496.9146518100992	468.91812489123026	648.8818748649601	phage	gene-SAM1_00115	early	late	16.20864435362655
gene-LUU82_04340	42.57493198711151	48.91472756728103	38.91831958053417	host	rsgA	None	None	0.45170524539726387
gene-LUU82_05865	31.380610681690467	39.80959740317085	35.08020064742761	host	gene-LUU82_05865	None	None	0.9180660704422291
gene-LUU82_08900	9.536351499767612	11.421947415387018	10.457507003312529	host	rbsU	None	None	0.2758490304235507
gene-LUU82_08785	84.8921186287841	92.79678235631415	88.6728582678909	host	gene-LUU82_08785	None	None	0.5634168369877136
gene-LUU82_13325	310.11584719802096	325.6861531113559	290.7931580910715	host	fabZ	None	None	1.7600628105114757
gene-LUU82_00455	47.27229934373808	61.79631917355557	57.84584297471168	host	liaF	None	None	0.8844303869497643
gene-LUU82_08930	3.9337655911136573	4.186376345409695	3.7801566423408715	host	gene-LUU82_08930	None	None	0.08525822459566182
gene-LUU82_08685	71.28559324171788	91.94011462974974	98.42338677755505	host	gene-LUU82_08685	None	None	1.9657099405240004
gene-LUU82_09985	101.5087768025381	120.59299169545478	113.73611618878529	host	gene-LUU82_09985	None	None	0.9049808958932538
gene-LUU82_09675	1.5522853722237606	3.5852184933851436	1.9123774384384227	host	sbnA	None	None	0.37821329577207197
gene-LUU82_10590	49.43220456878248	62.036961849038995	50.51418091799561	host	gene-LUU82_10590	None	None	1.195449729918835
gene-LUU82_04260	120.31686824452628	134.7742934903826	121.56597163254231	host	ffh	None	None	0.626278284680853
gene-LUU82_09400	24.373564915614605	52.43161861190032	51.379781419828525	host	gene-LUU82_09400	None	None	4.327448910500515
gene-LUU82_11160	13.490852153845756	14.19488755670408	12.542155247711115	host	gene-LUU82_11160	None	None	0.07482352465400552
gene-LUU82_11220	7.857238227391915	10.136402932355871	9.6849296392693	host	gene-LUU82_11220	None	None	0.12183164591881665
gene-LUU82_04390	36.07131084992509	39.50674752662626	36.130432579284246	host	coaBC	None	None	0.46595001446201806
gene-LUU82_06215	16.686559892340085	30.940339317096903	34.461302926777684	host	gene-LUU82_06215	None	None	2.2740302226408615
gene-LUU82_11870	148.90368004128368	164.263521923676	156.38341833455513	host	gene-LUU82_11870	None	None	0.4660737736540375
gene-LUU82_13510	518.0264208660748	433.5166438500264	337.76877019704585	host	gene-LUU82_13510	None	None	37.36622762704749
gene-LUU82_08375	135.66608282223677	148.77539746950256	151.00254647688382	host	gene-LUU82_08375	None	None	6.506020766019583
gene-LUU82_09395	3.0177296187761002	5.99911211910397	6.584422136241412	host	gene-LUU82_09395	None	None	0.7034765688262509
gene-LUU82_08250	55.40168132455087	71.4019471013083	69.41762453054145	host	gene-LUU82_08250	None	None	1.399502891439443
gene-LUU82_00360	26.05068941026559	35.87658081132773	39.173653616467895	host	putP	None	None	1.0867653479790336
gene-LUU82_11470	17.02087028317115	20.983740826780515	18.844168136136336	host	gene-LUU82_11470	None	None	0.25271786892191417
gene-LUU82_06550	31.632573614967527	40.47749578043457	34.85418303363029	host	gene-LUU82_06550	None	None	0.4676148631993398
gene-LUU82_00100	3.405389023472303	3.796137936530459	3.0847617195163237	host	gene-LUU82_00100	None	None	0.053454715507865486
gene-LUU82_11340	18.48689696258117	23.9917586295584	22.541436975664837	host	gene-LUU82_11340	None	None	0.38513897769830735
gene-LUU82_06800	42.57642773873389	55.17737811007529	49.018116737652406	host	gene-LUU82_06800	None	None	0.8353011981617966
gene-LUU82_02280	41.55849053582942	47.116947818695536	42.62161072058462	host	gene-LUU82_02280	None	None	0.36631747164388206
gene-LUU82_08210	9.221304520571918	14.188241785634853	12.71205598221845	host	gene-LUU82_08210	None	None	0.4474977086940271
gene-LUU82_04145	402.0469989123992	413.03285816998823	369.14482527894614	host	pyrH	None	None	2.278762796869974
gene-LUU82_09525	8.557722198339894	9.004960197169646	8.273750181885996	host	gene-LUU82_09525	None	None	0.10172858931044801
gene-LUU82_03030	137.01320985895333	150.97471623527971	126.1630936466287	host	ndk	None	None	1.1501457700490807
gene-LUU82_10870	13.844374807748794	16.66274508422634	13.538902480298725	host	gene-LUU82_10870	None	None	0.1878998426438582
gene-LUU82_02640	3.5779648557386206	3.662048015704419	3.3533778950870032	host	gene-LUU82_02640	None	None	0.03086503902907801
gene-LUU82_09320	31.165949221808727	35.1449856501008	37.09895232245291	host	gene-LUU82_09320	None	None	0.5971788393183481
gene-LUU82_08245	15.73194273718702	18.770103989546822	19.113044068256354	host	gene-LUU82_08245	None	None	0.2365198607779252
gene-LUU82_11710	84.15271985009065	72.51841971405665	63.119714478096476	host	gene-LUU82_11710	None	None	2.2319442012453954
gene-LUU82_04605	8.075546183907598	7.718821250307677	7.058530104302236	host	gene-LUU82_04605	None	None	0.107325918230011
gene-LUU82_07360	202.381884875437	258.2137753573799	232.67630565814193	host	gene-LUU82_07360	None	None	3.478511852228687
gene-LUU82_00940	1831.661640840337	2207.8935319332445	2300.022406944842	host	gene-LUU82_00940	None	None	63.5818683550533
gene-LUU82_02500	317.39918984733055	374.0298976594648	389.13097702854947	host	gene-LUU82_02500	None	None	4.968504783245667
gene-LUU82_10805	74.37885992189827	96.23971941573707	74.21055573978116	host	gene-LUU82_10805	None	None	1.8797799815530405
gene-LUU82_02120	155.5760861838862	120.98725190398754	113.78218158005619	host	gene-LUU82_02120	None	None	3.4199731591969456
gene-LUU82_09260	8.157182530301869	10.319684658640574	10.84482738667648	host	gene-LUU82_09260	None	None	0.4102131881586977
gene-LUU82_01255	1.9085915387802412	1.9321243827014314	1.728026625656101	host	lukE	None	None	0.014057453622838015
gene-LUU82_09480	2.1828910680932903	2.0626300616126882	2.0151743152852606	host	cap8F	None	None	0.04449407221097533
gene-LUU82_04475	23.956417660985036	26.326552953303352	21.584206325347836	host	gene-LUU82_04475	None	None	0.21093550674670988
gene-LUU82_01055	7.625594725043012	12.774075365222444	9.559926888402474	host	gene-LUU82_01055	None	None	1.2574345918486347
gene-LUU82_09590	42.770607800970176	53.8968599885248	53.95096722332184	host	gene-LUU82_09590	None	None	0.90439796681551
gene-LUU82_13390	392.42400169872144	469.71092891873315	458.03093725742013	host	gene-LUU82_13390	None	None	9.968875964824985
gene-LUU82_00155	20.050409844304347	26.483811040963065	32.93922830901221	host	gene-LUU82_00155	None	None	1.58151482480534
gene-LUU82_01910	391.29504351035695	481.78864040663603	432.35887140639505	host	pyk	None	None	5.347988272241309
gene-LUU82_12750	1.9238774236749976	2.0654873120544037	1.7406626970399028	host	gene-LUU82_12750	None	None	0.01905019007175736
gene-LUU82_08780	90.81697817600157	98.64137821358459	93.85648789573345	host	gene-LUU82_08780	None	None	0.5629723422846102
gene-SAM1_00218	227.6924323466818	89.40245156570474	312.09735060731504	phage	gene-SAM1_00218	early	late	45.0201649950776
gene-LUU82_05030	77.75302856031264	56.79274509416438	23.235160117579554	host	gene-LUU82_05030	None	None	11.792735848274953
gene-LUU82_01210	1882.4654739869493	1772.005286954128	1726.943487333503	host	gene-LUU82_01210	None	None	63.93931779470641
gene-LUU82_08755	13.920590820728322	15.68457357497263	14.679175501996093	host	gene-LUU82_08755	None	None	0.13112092227611846
gene-LUU82_08760	9.114050329733091	11.39356072289212	10.962305951286831	host	gene-LUU82_08760	None	None	0.267015912521588
gene-LUU82_05755	5.129607783676624	4.948384255017491	4.212419106850037	host	gene-LUU82_05755	None	None	0.049928046919578035
gene-LUU82_08875	8.809082151417456	11.472474433492145	6.941670382283543	host	gene-LUU82_08875	None	None	0.45335070616960127
gene-LUU82_01405	4.453177376744928	4.617376890414975	3.8761772557494183	host	gene-LUU82_01405	None	None	0.025817217475393128
gene-LUU82_12440	76.12419099173971	92.83017742633781	85.12069561544064	host	gene-LUU82_12440	None	None	1.3238034495698652
gene-LUU82_05295	15.756240887349128	20.26112304935658	25.59245324377311	host	gene-LUU82_05295	None	None	0.9964600217917368
gene-LUU82_08705	41.750153472947936	63.7083002968659	59.1915997311531	host	gene-LUU82_08705	None	None	2.1665648509970534
gene-SAM1_00003	129.65517821634552	56.9130404726917	187.96738657123754	phage	gene-SAM1_00003	early	late	26.187359029728032
gene-LUU82_08960	19.62848263699243	21.970214133173886	13.503760840099845	host	scdA	None	None	1.3264743147526858
gene-LUU82_04425	24.281728081731018	25.125614229902407	19.175334820510894	host	pyrF	None	None	2.195952477416567
gene-LUU82_04445	12.384889571997972	16.840949353482483	8.956438486876442	host	gene-LUU82_04445	None	None	3.647430449732339
gene-LUU82_04345	108.19839609642918	104.93338477016484	93.40036586143744	host	pknB	None	None	0.8180716880975663
gene-LUU82_05060	22.968246606149005	27.648679564382732	24.720398210520745	host	gene-LUU82_05060	None	None	0.22819973743576982
gene-LUU82_05515	3.384613582715058	3.370423150201376	2.9871456388898188	host	gene-LUU82_05515	None	None	0.02799535333322729
gene-SAM1_00122	2478.8158170156426	1861.3389315189295	2225.214733456718	phage	gene-SAM1_00122	early	early	53.807265327599694
gene-SAM1_00063	2560.002215176078	720.2771459296172	864.2656094771606	phage	gene-SAM1_00063	early	early	516.0878171079474
gene-LUU82_07205	11.732167523229828	17.335637735922777	15.876838375663027	host	gene-LUU82_07205	None	None	0.4240899172251972
gene-LUU82_01710	1.6249444082959015	1.8830284801498933	1.3544281764650583	host	gene-LUU82_01710	None	None	0.0725397438354743
gene-LUU82_11050	17.496317556344604	23.048523793250293	20.272062499308927	host	gene-LUU82_11050	None	None	0.29970442800620656
gene-SAM1_00040	165.04913651641303	79.5368915707425	233.89428632000477	phage	gene-SAM1_00040	early	late	27.34442894271119
gene-LUU82_04805	9.83905832141802	24.127984171629304	11.612419580581864	host	isdD	None	None	3.100151713674862
gene-LUU82_04615	1.0900320563816963	1.4104891415433676	1.343716524112489	host	argF	None	None	0.026317584480478436
gene-LUU82_13785	233.78611224437978	292.0574639706419	253.2408716356249	host	gene-LUU82_13785	None	None	4.164856159190481
gene-LUU82_10120	3.1221734220710844	2.907448230172596	2.6747695322382743	host	hutH	None	None	0.025971282449887376
gene-LUU82_13335	14.593829958169438	16.766891208900606	14.847164408784252	host	gene-LUU82_13335	None	None	0.16126045277960555
gene-SAM1_00177	881.5300325581208	545.7148676925376	599.3507359144188	phage	gene-SAM1_00177	early	early	42.912471718255446
gene-LUU82_10655	5.0579623936207545	6.578745358829347	4.655913363009666	host	nrdD	None	None	0.43709053020095434
gene-LUU82_06545	39.55772394333505	52.739376739999926	47.5672838724376	host	recQ	None	None	0.7843736833353451
gene-LUU82_01075	340.8620457673882	410.6487088975796	364.5960158639534	host	gene-LUU82_01075	None	None	12.84702939359181
gene-LUU82_05570	146.04990117882247	261.65373849728275	200.17462168143018	host	gene-LUU82_05570	None	None	11.702872850563644
gene-LUU82_12390	50.839162388977336	55.02136686876637	48.55469550090289	host	gene-LUU82_12390	None	None	0.282502620146637
gene-LUU82_13950	19.528535267954652	20.31018636432904	17.701102351300523	host	gene-LUU82_13950	None	None	0.18534064999768893
gene-LUU82_11660	4.252539240443742	4.675357551936049	3.981638600532323	host	gene-LUU82_11660	None	None	0.036581257358641914
gene-SAM1_00192	1491.5514146660391	602.1245699089723	1165.6532130274798	phage	gene-SAM1_00192	early	early	132.56645198635434
gene-LUU82_13540	2.7572760752810823	2.674059888098014	2.03991526916904	host	ilvA	None	None	0.0640817702972796
gene-LUU82_09620	1.4309866167739707	1.2216085052401702	0.9884734326197134	host	gene-LUU82_09620	None	None	0.2047114215431722
gene-LUU82_09065	11.548185029205337	26.717507564357405	11.70433662648916	host	gene-LUU82_09065	None	None	8.98171712236544
gene-LUU82_03470	4.930694105030339	4.6136537814608385	3.6039116114467684	host	gene-LUU82_03470	None	None	0.08506828012846422
gene-LUU82_12190	34.61960825152163	41.95286466102671	37.25228219237386	host	gene-LUU82_12190	None	None	0.4327429488077793
gene-LUU82_12615	2988.800897461991	2819.0435786156886	2527.3511488256067	host	rplE	None	None	42.58601527643243
gene-LUU82_07300	68.49539272167985	72.999301059567	60.60845281603587	host	gene-LUU82_07300	None	None	0.5465463924575387
gene-LUU82_05935	2802.6321916130096	2867.9652095430574	2996.9251482202526	host	gene-LUU82_05935	None	None	39.69066400485027
gene-LUU82_00165	7.615881762408249	10.84788039666676	11.752424181009202	host	gene-LUU82_00165	None	None	0.41464081545123227
gene-LUU82_00700	106.88125025049594	207.02754123858713	633.0574537714656	host	gene-LUU82_00700	None	None	167.57907602196462
gene-SAM1_00080	1544.085876198316	1353.999344994583	1221.1488533727245	phage	gene-SAM1_00080	early	early	24.151471783381673
gene-LUU82_02050	105.20176240078217	99.76462251572396	80.1416516116828	host	hemC	None	None	1.627898683882428
gene-LUU82_08405	4226.707435313653	4235.574698387545	3800.493154019275	host	ssb	None	None	27.04888072444913
gene-LUU82_01400	47.063757723647576	68.37285277350709	54.56512582300949	host	gene-LUU82_01400	None	None	3.1573588504521553
gene-LUU82_01730	2.540186036037237	3.2912529587945296	2.386761198750873	host	harA	None	None	0.07798551336995002
gene-LUU82_09545	3.502581307402919	3.6649681907069662	3.17585946405667	host	phnE	None	None	0.058176535186834945
gene-LUU82_00045	6.130808683487468	5.802688800918811	5.6621058365418095	host	gene-LUU82_00045	None	None	0.04102112560000928
gene-LUU82_06705	37.17786649563802	49.27862928196418	38.43497673961596	host	gene-LUU82_06705	None	None	0.882917262407153
gene-LUU82_05915	428.2669887622133	401.25220337924384	363.46034041226034	host	gene-LUU82_05915	None	None	7.26686066407131
gene-LUU82_01480	52.51983050359032	60.91892075155767	58.74134750770835	host	gene-LUU82_01480	None	None	0.3544505829350658
gene-LUU82_02585	56.41220600363619	50.39953547679908	41.85670701987573	host	gene-LUU82_02585	None	None	0.8343157918147223
gene-LUU82_12710	53.58066659548492	62.5541025495725	56.64873975506337	host	truA	None	None	0.5412954617701452
gene-LUU82_09645	4.9368412279739085	8.30659504796611	5.643950374486796	host	sbnG	None	None	0.4294111388836735
gene-LUU82_11430	3.390656139163884	3.6409691754096367	2.185649716322032	host	cntM	None	None	0.1471225748603291
gene-LUU82_08620	4.238677538159171	3.9220822306338223	4.302230555278746	host	gene-LUU82_08620	None	None	0.15304027507173365
gene-LUU82_05495	184.43213920397673	211.4457692226362	175.93317387185593	host	mecA	None	None	1.5193540785193875
gene-LUU82_00605	74.77511272635506	104.60144618047259	123.22419261501058	host	gene-LUU82_00605	None	None	4.713104597873318
gene-LUU82_05740	148.3913182730705	190.76471993792242	172.84663772586865	host	mnhE1	None	None	3.5075544499165745
gene-LUU82_08975	107.58145975607509	135.91229732368467	126.49765070813396	host	gene-LUU82_08975	None	None	2.1484602206633547
gene-LUU82_00930	2723.3612559644935	3437.160822918527	3428.220129963099	host	gene-LUU82_00930	None	None	171.80719417618872
gene-LUU82_00405	42.41924003952649	41.97215895326442	36.73862750256157	host	gene-LUU82_00405	None	None	0.2634659046084942
gene-LUU82_04870	40.553410361183126	44.96719413902747	34.59023611726747	host	gene-LUU82_04870	None	None	0.4988295622919383
gene-LUU82_03385	5.101952965023491	6.690471632783549	6.338890011384993	host	gene-LUU82_03385	None	None	0.15572882704188962
gene-LUU82_03325	93.41382953068704	122.48513560024499	107.52497900382038	host	gene-LUU82_03325	None	None	1.8170660837895158
gene-LUU82_01590	2.7361121890905995	2.815849102991315	2.5427703986849046	host	sasC	None	None	0.019723288298069908
gene-LUU82_03275	85.05822503999056	86.51334729328433	76.36110749070728	host	gene-LUU82_03275	None	None	1.435433902274443
gene-LUU82_10495	60.93676359722531	61.81602923159101	54.15928875545063	host	gene-LUU82_10495	None	None	0.5425250753472736
gene-LUU82_01770	17.67136652201607	25.447940278235862	24.406650460943165	host	gene-LUU82_01770	None	None	0.9213268399916231
gene-LUU82_06525	57.163816198453766	73.31275213370465	65.75437776408609	host	gene-LUU82_06525	None	None	0.9431447980294173
gene-LUU82_10490	58.22067602442714	74.10526910273329	67.21116596560671	host	gene-LUU82_10490	None	None	1.103752698042242
gene-LUU82_12950	85.78975331582633	115.67307926366247	102.69862380825384	host	gene-LUU82_12950	None	None	1.9256285632959758
gene-LUU82_00425	66.18043043315951	78.17782521523088	63.78103890350675	host	gene-LUU82_00425	None	None	0.7282915207062659
gene-LUU82_09615	1.350924459617385	1.623561797116344	1.6478535504513208	host	gene-LUU82_09615	None	None	0.016879555110361533
gene-LUU82_03135	60.57777174390452	81.95203106838441	65.99935929868715	host	gene-LUU82_03135	None	None	1.7458579986613447
gene-LUU82_03110	57.16753555857003	65.02238671810063	55.05050984609526	host	nth	None	None	0.5883000231494282
gene-LUU82_08625	15.174748069638747	18.224003839951322	16.100845825458933	host	gene-LUU82_08625	None	None	0.3767128024026969
gene-LUU82_07485	177.45784903809985	164.11687996890086	146.52068392302547	host	gene-LUU82_07485	None	None	1.7810280768882019
gene-LUU82_05150	217.5136236057631	206.68411262118875	189.83263309076509	host	gene-LUU82_05150	None	None	1.7208280646663303
gene-SAM1_00032	1197.6111609620343	1158.605120765692	935.3687311887466	phage	gene-SAM1_00032	early	early	20.684747045446887
gene-LUU82_04735	389.95927615920624	569.7115173442577	560.7455514822691	host	trxA	None	None	17.34624006845609
gene-LUU82_07940	16.83723066947212	16.940210942149623	13.368678585022954	host	treC	None	None	0.24518013870804084
gene-LUU82_01080	38.614801984061494	44.99555422681012	35.60721019222732	host	gene-LUU82_01080	None	None	0.75936853247809
gene-LUU82_10725	246.6996575223133	472.81586508734546	361.55924685203826	host	gene-LUU82_10725	None	None	26.65251351566975
gene-LUU82_13595	65.5921079841573	77.9759494525867	60.86375428160046	host	tsaB	None	None	0.844129722511648
gene-SAM1_00142	273.3651119287201	88.25606516694499	266.21867590530763	phage	gene-SAM1_00142	early	early	36.80294339751477
gene-SAM1_00025	599.2697033594723	192.43485012395573	292.7191665911765	phage	gene-SAM1_00025	early	early	84.19197355693309
gene-LUU82_07230	7.34863056666666	11.192988659553881	10.490951689189954	host	gene-LUU82_07230	None	None	0.3955768674217325
gene-LUU82_07220	14.28039004588762	21.813630279026977	20.00999822054588	host	gene-LUU82_07220	None	None	0.7340749880174923
gene-LUU82_10005	21.494168997218612	30.78489918077105	24.415297292593902	host	gene-LUU82_10005	None	None	0.6713764470094641
gene-LUU82_00230	15.841877367033069	19.684656456044255	17.396335595921585	host	gene-LUU82_00230	None	None	0.23316788220104417
gene-LUU82_06695	16.65205441403232	18.399878499511903	16.043129726827146	host	gene-LUU82_06695	None	None	0.15733424942983273
gene-LUU82_03375	18.25188572789813	22.595443654339025	20.51187117388005	host	lysA	None	None	0.29236149574659487
gene-SAM1_00067	416.0416911128409	155.45625487902706	283.0715903789731	phage	gene-SAM1_00067	early	early	44.47570678720006
gene-LUU82_05510	5.223800227268025	4.765609171706881	4.188259187972384	host	gene-LUU82_05510	None	None	0.046933735597635064
gene-LUU82_02750	263.01185323197063	289.9519280072539	243.6576455255097	host	gene-LUU82_02750	None	None	1.7992304995585922
gene-LUU82_05520	2.7877667053079604	2.6271153032704873	2.364570218802822	host	gene-LUU82_05520	None	None	0.05211548719465207
gene-LUU82_08475	83.48964627827762	94.4489995645042	96.68134296399836	host	gene-LUU82_08475	None	None	0.6353449968285261
gene-LUU82_07555	220.83501434173084	255.56358540777342	229.6287553916125	host	gltX	None	None	1.8154612516927557
gene-LUU82_12800	2.0902723501837936	2.0479129784058974	1.6529274892211803	host	lacA	None	None	0.04205716828977611
gene-LUU82_13135	22.80691496349156	35.965144634422494	30.468074946464114	host	gene-LUU82_13135	None	None	1.5618405681002543
gene-LUU82_02990	1.8511594047336342	2.358455310431397	1.8647563635816073	host	gene-LUU82_02990	None	None	0.06997124005149333
gene-SAM1_00147	2940.5621337159832	1388.0988334972265	1619.7520488202488	phage	gene-SAM1_00147	early	early	250.15962497517467
gene-SAM1_00189	678.5192119013118	300.29307632400247	637.4546290519324	phage	gene-SAM1_00189	early	early	65.07012101618815
gene-LUU82_06590	44.59524794585428	35.23251229051633	28.750821401445734	host	queC	None	None	1.3516217328800428
gene-LUU82_00560	108.70539507879865	147.116319640672	178.6767924254946	host	gene-LUU82_00560	None	None	7.650955058200366
gene-LUU82_02260	16.16341558200008	23.819717469547992	22.96786282936615	host	gene-LUU82_02260	None	None	0.6766515915970928
gene-LUU82_06630	42.37144519838518	49.22492701097739	46.11019027561219	host	csbB	None	None	0.6735665676021357
gene-LUU82_02895	62.971894560190094	68.73432283749722	60.16979018637888	host	scpB	None	None	0.3331089376711259
gene-LUU82_07140	60.251193493597675	83.75100304127052	78.86438055624849	host	gene-LUU82_07140	None	None	2.0840444664946096
gene-LUU82_07760	49.92663519751548	63.531761626733356	59.1750351001931	host	gene-LUU82_07760	None	None	0.9102605110472243
gene-LUU82_11455	16.50573984404556	22.00295606612005	14.409838214316784	host	gene-LUU82_11455	None	None	1.0163835910698382
gene-LUU82_11930	29.909199437629212	45.574902875509025	30.306772320876348	host	gene-LUU82_11930	None	None	1.6176132263092677
gene-LUU82_05930	147.0364820761535	150.01937297275776	139.71397149848428	host	gene-LUU82_05930	None	None	0.6599243600644864
gene-LUU82_04065	227.84065565041706	240.37822611012152	213.71690329085246	host	pnp	None	None	1.3144736050045303
gene-LUU82_04055	83.34096439837356	88.91052364863299	76.88788131800952	host	gene-LUU82_04055	None	None	0.6024950098306973
gene-LUU82_00880	34.649851624977565	51.457108695639924	47.4464112875462	host	gene-LUU82_00880	None	None	1.4734286189004815
gene-LUU82_09245	1.6501947339895455	2.233096549175643	2.167438666893777	host	gene-LUU82_09245	None	None	0.07943235615273381
gene-LUU82_02255	836.1311022742002	831.2859466387112	783.3342013137144	host	gene-LUU82_02255	None	None	24.422731290117767
gene-LUU82_05420	16.38428702601811	18.456839339210557	16.30132444878818	host	gene-LUU82_05420	None	None	0.1834389763198967
gene-LUU82_08480	48.24870437167173	55.51376642344959	58.224721371056	host	gene-LUU82_08480	None	None	0.5312805602796725
gene-LUU82_12735	18.118735869460618	31.366480478070297	30.359120070067338	host	alsS	None	None	1.7354783212444327
gene-LUU82_03620	50.40980572916959	56.37078188776897	49.28765045093336	host	gene-LUU82_03620	None	None	0.3692346359058968
gene-LUU82_11820	8.64191794392106	58.65783207412355	4.96802340844465	host	narH	None	None	103.36046148534366
gene-LUU82_13000	138.7022099034366	147.29356964892852	124.02269942643613	host	gene-LUU82_13000	None	None	9.984233938198555
gene-LUU82_03890	289.2491812671396	191.34494253164442	152.0317073554959	host	gene-LUU82_03890	None	None	19.582213852947987
gene-LUU82_11485	20.089286827783553	25.05181556674542	21.57022225365114	host	gene-LUU82_11485	None	None	0.32176280445017374
gene-LUU82_02945	97.31730716129044	91.83610705806264	74.8535331368655	host	gene-LUU82_02945	None	None	6.161297368917688
gene-LUU82_12510	21.72803673748366	26.503596612270417	24.252079321511776	host	gene-LUU82_12510	None	None	0.2979508073551291
gene-LUU82_13825	149.61689868206113	150.14998406068855	129.26929713250362	host	gene-LUU82_13825	None	None	2.7258645890476627
gene-LUU82_02395	165.12834986825308	174.9905767348445	156.03025469305248	host	nadD	None	None	1.1388674963104721
gene-LUU82_03630	335.53352836750634	352.111105175108	340.0743351800176	host	gene-LUU82_03630	None	None	1.263795842694351
gene-LUU82_06870	20.74349981190601	28.261987421093764	25.721855883236103	host	graX	None	None	0.5746333674976174
gene-LUU82_05490	3.1940984581011027	3.5425656337780453	2.642245944472013	host	gene-LUU82_05490	None	None	0.06674428553024132
gene-LUU82_09535	2.1428751849183185	2.3580655500735452	2.3395272237757965	host	gene-LUU82_09535	None	None	0.013132045801357068
gene-LUU82_00070	3.3084173811121094	3.8409587003973846	3.516775439334562	host	gene-LUU82_00070	None	None	0.08866253058620206
gene-LUU82_05540	5.443049537603535	8.237637090466569	11.206424870726721	host	gene-LUU82_05540	None	None	0.9845258543815201
gene-LUU82_07170	8.332434453374999	12.980235555869648	11.316021960906397	host	gene-LUU82_07170	None	None	0.42376872664440995
gene-LUU82_04780	7.406688547745813	14.776283447123651	8.199968298673602	host	gene-LUU82_04780	None	None	1.286990603652814
gene-LUU82_00125	1.7769666165626814	1.5062005559591267	1.591223012835403	host	gene-LUU82_00125	None	None	0.014943278237678381
gene-LUU82_06100	111.20744353658857	175.6257302303239	157.84736495529657	host	gene-LUU82_06100	None	None	5.888970775854693
gene-LUU82_06990	75.98371577295116	98.4684213657319	76.36978846407834	host	gene-LUU82_06990	None	None	1.7341024621074628
gene-LUU82_04965	53.53588445274397	44.505777380662266	38.08471470919604	host	gene-LUU82_04965	None	None	1.1744220558218725
gene-SAM1_00181	443.69545537211985	305.0505602592876	677.8835876716071	phage	gene-SAM1_00181	early	late	55.48209238644661
gene-LUU82_08985	36.96448236337523	40.73020943802367	35.12521300124595	host	gene-LUU82_08985	None	None	0.3859995698416492
gene-LUU82_07450	6266.023400962799	6254.025038157825	5895.40115417476	host	tuf	None	None	67.64338449753468
gene-LUU82_09670	1.825160216566933	4.077999689132738	2.0506413968716224	host	sbnB	None	None	0.4472338388978566
gene-LUU82_13810	261.8971747140051	280.83325573787874	240.31380001816964	host	gene-LUU82_13810	None	None	4.785531601809198
gene-LUU82_01045	29.976401638656693	36.17093893428345	31.248438752312314	host	gene-LUU82_01045	None	None	0.2942164497925655
gene-LUU82_10845	6.054536399776974	6.269397064893481	5.489920845808501	host	gene-LUU82_10845	None	None	0.04324618904324704
gene-SAM1_00093	9038.560427179895	9446.35338513713	8975.046182152162	phage	gene-SAM1_00093	early	middle	114.20107812062966
gene-LUU82_09135	24.445066947200374	30.06033901244454	43.711458997924844	host	gene-LUU82_09135	None	None	2.713417798646553
gene-LUU82_03650	66.47313379933424	73.33903005433315	60.9703761060203	host	gene-LUU82_03650	None	None	0.6562660639514825
gene-LUU82_06615	121.98364556593286	182.17774110420388	227.75436204574999	host	gene-LUU82_06615	None	None	13.533615274178768
gene-LUU82_08030	13.982440795221022	11.150805876235134	9.333978957522698	host	gene-LUU82_08030	None	None	0.44640799470612524
gene-LUU82_08085	6.307154292702492	4.936643959471797	4.145044218757065	host	gene-LUU82_08085	None	None	0.21300853958443472
gene-LUU82_03140	168.36516625169222	187.14909296873134	160.49598654491015	host	gene-LUU82_03140	None	None	1.410709509396283
gene-LUU82_05965	22.18769045898675	21.794363091867705	18.697528127135726	host	gene-LUU82_05965	None	None	0.20834960618137174
gene-LUU82_02390	134.89843123847714	144.37702744713474	129.3071133664893	host	yhbY	None	None	1.3221260065154339
gene-LUU82_03245	94.43713542213537	117.19083593889401	104.54298431463923	host	fakB2	None	None	1.6794526680444575
gene-LUU82_13455	62.85203734878841	78.21730111651195	73.11434822064426	host	gene-LUU82_13455	None	None	1.7609265346563538
gene-LUU82_10685	1.1951781371632337	1.2863878030844793	1.1113849497245725	host	gene-LUU82_10685	None	None	0.07928086951011185
gene-LUU82_01830	262.1824748154143	346.2312414348541	307.6301077493319	host	tpx	None	None	5.7071960567156195
gene-LUU82_06480	2.051882596326836	2.246566716193421	1.8308624369587116	host	gene-LUU82_06480	None	None	0.11650424968193719
gene-LUU82_00410	36.04633161335759	22.53219856703083	20.618154082348497	host	gene-LUU82_00410	None	None	2.1625617173630167
gene-LUU82_02595	744.0194440569976	890.6888575577892	1019.0732901492383	host	gene-LUU82_02595	None	None	26.33108293153213
gene-LUU82_11155	34.96662499084855	48.58889879299439	43.550074624011586	host	gene-LUU82_11155	None	None	1.1632545888805212
gene-LUU82_11005	1.9874135914825093	2.605029356073278	2.2250913494101723	host	gene-LUU82_11005	None	None	0.14474752315164496
gene-LUU82_13895	142.4005214832404	152.87770939078067	126.31968670089795	host	gene-LUU82_13895	None	None	4.822811932021066
gene-SAM1_00163	371.1956237652112	244.80259712350212	358.41820330430056	phage	gene-SAM1_00163	early	early	11.462247794171029
gene-SAM1_00018	1159.595636086058	582.5456003492319	1073.1482426542962	phage	gene-SAM1_00018	early	early	76.01046717370492
gene-LUU82_04710	70.32211655066402	69.96027803337505	77.34384798067806	host	sdhB	None	None	2.7219751787883486
gene-LUU82_02985	35.73925966624592	47.911249914611915	36.87156209236494	host	gene-LUU82_02985	None	None	3.29220518795053
gene-LUU82_06710	35.003389537368896	45.08177471691774	37.70935464119009	host	gene-LUU82_06710	None	None	0.5193634072587685
gene-LUU82_03020	105.6914271027154	118.77615774323787	100.27577090981394	host	gene-LUU82_03020	None	None	0.6992365199756243
gene-LUU82_01925	38.03163716919033	48.984196476622195	54.43855843474686	host	icd	None	None	1.1837169708805373
gene-LUU82_07135	57.57212023506329	81.19453672712466	73.71684788905458	host	gene-LUU82_07135	None	None	1.7022546599905644
gene-LUU82_12350	3.69120005899109	4.813938950610498	4.880579372382524	host	ureC	None	None	0.14567095159670607
gene-LUU82_01495	80.55304402806989	95.80812348817467	85.8623017529676	host	gene-LUU82_01495	None	None	0.6068661324443619
gene-LUU82_00825	23.23916911414418	34.59033369274379	40.792944663768644	host	gene-LUU82_00825	None	None	1.7207485385683479
gene-LUU82_08255	16.180442414596943	20.0112938704081	16.360880869154546	host	gene-LUU82_08255	None	None	0.40773925599939814
gene-LUU82_02200	58.9298708879459	76.74664260629073	72.74580609838507	host	gene-LUU82_02200	None	None	1.2983161229631746
gene-LUU82_00020	7.151708709440295	8.365044640849947	6.807328435909359	host	gene-LUU82_00020	None	None	0.13562060160266876
gene-SAM1_00195	759.0546512623974	296.03677545212076	608.0198334933449	phage	gene-SAM1_00195	early	early	71.57137335351534
gene-LUU82_06445	32.463273683168005	32.2543225352319	27.875814339850933	host	gene-LUU82_06445	None	None	0.23053776772043483
gene-SAM1_00219	180.23564075382856	78.32236540137778	230.09577283649796	phage	gene-SAM1_00219	early	late	27.502861444053718
gene-LUU82_10910	2319.2923600584986	2283.122181460772	1931.7939624030416	host	isaA	None	None	21.11049145407821
gene-LUU82_01145	22.55982740755213	27.13809089375846	23.058607701429455	host	gene-LUU82_01145	None	None	0.4698677698136377
gene-LUU82_02145	2939.930341328271	2759.2151612000966	2369.417614486552	host	rpmA	None	None	37.7434299705975
gene-LUU82_02825	5.0199028342037115	6.334837232431343	5.352397180823767	host	gene-LUU82_02825	None	None	0.13180405792042507
gene-LUU82_13460	68.04840739402609	85.74534940213796	80.40109743377333	host	acpS	None	None	1.8747618036556766
gene-LUU82_05775	718.2648271803117	860.0885821477937	747.0921520234633	host	gene-LUU82_05775	None	None	6.820069218315109
gene-LUU82_04685	419.97077524486343	640.5461344290674	891.9821219309742	host	ecb	None	None	82.23965723194317
gene-LUU82_09380	4.861892637858195	7.133683428098518	7.638700895706218	host	gene-LUU82_09380	None	None	0.3276210883133732
gene-LUU82_00835	47.29615133984896	62.72738594817054	66.88335980113213	host	gene-LUU82_00835	None	None	1.4391374038458928
gene-LUU82_02460	358.2526496447069	494.7362002209106	366.45456183843197	host	dnaK	None	None	12.83017013908017
gene-LUU82_03610	102.37257912984903	111.7958720101886	99.09266911637974	host	plsY	None	None	0.46302548508089153
gene-LUU82_03875	18.108201887459558	19.175282366485472	20.337334563967122	host	gene-LUU82_03875	None	None	0.3228173597535074
gene-LUU82_07440	41.39026318875468	81.22834397643727	53.23118859217388	host	gene-LUU82_07440	None	None	9.312982800092358
gene-LUU82_00840	36.17339055733088	44.11080411125851	48.16284304031999	host	gene-LUU82_00840	None	None	0.7219494492479611
gene-LUU82_11795	3.1833870304656475	5.6434119927013775	2.4431218209451298	host	gene-LUU82_11795	None	None	2.1638487699709255
gene-LUU82_04665	49.699768531220364	80.51545806729685	120.85360099199211	host	efb	None	None	13.381687978433707
gene-LUU82_04460	97.70270518473392	95.1704425747095	77.38523121853943	host	gene-LUU82_04460	None	None	1.0099960157087717
gene-LUU82_00225	48.17087218531205	60.91287612739208	53.87338711872351	host	gene-LUU82_00225	None	None	0.624510080530798
gene-LUU82_00450	47.74345527933801	61.441591062879674	55.85109160947229	host	gene-LUU82_00450	None	None	0.8113995798643504
gene-LUU82_08205	2.257225325832479	2.63159676574019	2.2765725471225093	host	gene-LUU82_08205	None	None	0.03466838281665516
gene-LUU82_08650	22.118372439932653	27.792281482202654	23.85663216748246	host	gene-LUU82_08650	None	None	0.34049954340925753
gene-LUU82_13600	60.26493478682784	70.87039060961469	54.38749800294525	host	rimI	None	None	0.8095489105250493
gene-LUU82_03125	388.27987055668183	350.5982630967247	313.0485738563382	host	recU	None	None	3.5183754372742513
gene-LUU82_05560	12.1894448105853	13.69502626537289	12.15821925857452	host	gene-LUU82_05560	None	None	0.20045812009797004
gene-LUU82_09225	22.18287647933602	25.924029558876843	22.782173745168944	host	gene-LUU82_09225	None	None	0.4505884978553553
gene-LUU82_05870	30.567103878728158	40.10509677603144	34.27913923384871	host	gene-LUU82_05870	None	None	0.792483956612165
gene-LUU82_03655	82.71015641178941	91.08500141576496	60.36856159951329	host	gene-LUU82_03655	None	None	9.11116429750177
gene-LUU82_08225	19.001601525438904	20.366375507919795	17.903983716712876	host	gene-LUU82_08225	None	None	0.30702898483215824
gene-LUU82_13205	78.88772202907005	89.17234715138125	83.25324810434097	host	gene-LUU82_13205	None	None	1.1846580487190865
gene-LUU82_10630	20.473821807524192	23.64180606049503	22.207767412850004	host	gene-LUU82_10630	None	None	0.427086236538348
gene-LUU82_09365	8.021448730694082	9.096676702293097	8.106094644590248	host	gene-LUU82_09365	None	None	0.07122114863404785
gene-LUU82_02310	146.2990683360566	145.40793402732933	116.4475071998806	host	gene-LUU82_02310	None	None	1.735180136868044
gene-LUU82_12180	52.33817759980685	43.344414758423	36.75367873880282	host	gene-LUU82_12180	None	None	1.2575899860052169
gene-LUU82_02155	168.5884412987683	154.72221274663912	128.8904163211904	host	gene-LUU82_02155	None	None	2.3902624343082417
gene-LUU82_11855	39.79342959104796	52.30297387979058	41.782646223451195	host	gene-LUU82_11855	None	None	1.1925139765711203
gene-LUU82_13030	39.743709585834274	38.27409493621149	35.54043606103202	host	gene-LUU82_13030	None	None	0.5472729144734925
gene-SAM1_00164	625.1603031722257	432.25275655870655	621.3214688379467	phage	gene-SAM1_00164	early	early	18.910436508769568
gene-SAM1_00096	1792.490727404551	1933.2391509370325	1907.3098122304057	phage	gene-SAM1_00096	early	middle	32.9509499833805
gene-LUU82_06625	152.26900263316858	209.74509942592536	241.81054220576888	host	saeS	None	None	9.382684447152174
gene-LUU82_02815	17.72825660840358	20.449508625150937	15.97029969315666	host	gene-LUU82_02815	None	None	0.3676513142169863
gene-LUU82_10180	146.1110047937436	121.83290149141659	103.50851847112686	host	rsmG	None	None	3.1148083619408884
gene-LUU82_07180	5.550377739327302	7.474189700976413	6.705602991969214	host	gene-LUU82_07180	None	None	0.12037716797097178
gene-LUU82_13515	1501.9203036383142	1624.3921498901893	1235.1755583245842	host	gene-LUU82_13515	None	None	102.77637901709232
gene-LUU82_02215	75.53467054182578	76.90235625342007	59.70979722984283	host	hisS	None	None	1.0288592427994774
gene-LUU82_08945	14.23090720621284	13.810372113339447	16.689172649872997	host	lrgA	None	None	0.24460550960059513
gene-LUU82_10995	20.551799760569466	23.022815206873208	20.881586201781165	host	farR	None	None	0.2172505896367068
gene-SAM1_00166	482.59307088961896	318.54544533408887	425.30827769543185	phage	gene-SAM1_00166	early	early	12.897817511736548
gene-LUU82_00675	36.25255388385017	62.0775826415183	120.0997003438594	host	gene-LUU82_00675	None	None	17.371456648190797
gene-LUU82_01725	1.8791153838561223	2.1012216486705775	1.0658200829070612	host	gene-LUU82_01725	None	None	0.15220836829580706
gene-LUU82_04150	944.2438002363789	965.9407113424686	842.0827920733445	host	tsf	None	None	6.4866296071595055
gene-SAM1_00140	1075.811638341245	304.81542344644544	176.64828258952525	phage	gene-SAM1_00140	early	early	305.12709445893324
gene-LUU82_09940	25.75459222354158	36.504858102706386	31.380038447236785	host	gene-LUU82_09940	None	None	0.7879968354605297
gene-LUU82_08125	1.3673308897623049	1.9832366900021554	1.6225743599261069	host	lpl1	None	None	0.05014072244487867
gene-LUU82_06135	300.17193963283756	265.1668388426405	244.86662758960702	host	gene-LUU82_06135	None	None	6.51145652511894
gene-LUU82_13495	359.7652033932891	385.9308321725998	371.4713954302803	host	sigB	None	None	2.5830380505607486
gene-LUU82_00515	120.59049064268102	152.50380310371642	138.0427342269158	host	gene-LUU82_00515	None	None	2.1783870825932947
gene-LUU82_03930	13.180465380999086	14.888141192828543	13.585849208202582	host	gene-LUU82_03930	None	None	0.15781281080996928
gene-LUU82_04235	9.817104473892533	10.871396200161405	9.036966562408802	host	yfhO	None	None	0.12095520602830426
gene-LUU82_04945	226.87743915688642	242.95188312838528	215.61078385300857	host	gene-LUU82_04945	None	None	1.0421388206811104
gene-LUU82_13640	40.18549827213995	86.2945899076913	79.00703156479454	host	gene-LUU82_13640	None	None	6.624640530200614
gene-LUU82_13480	89.69520922362055	108.35365829567563	100.59457533197885	host	gene-LUU82_13480	None	None	0.9757018689845267
gene-LUU82_03420	88.45821749514091	103.05291738369438	85.8119050680827	host	cvfB	None	None	0.70904669170624
gene-SAM1_00178	317.3929336753869	272.41740835931114	440.40368653895706	phage	gene-SAM1_00178	early	late	18.675725141211515
gene-SAM1_00227	725.0960449132214	354.7622791996296	565.6833988172342	phage	gene-SAM1_00227	early	early	46.34876546406424
gene-LUU82_00365	154.44966725071498	187.9906731138286	158.16505857616656	host	gatC	None	None	2.2486659110271403
gene-LUU82_06060	60.607968094065164	107.86048810525331	136.86212471592162	host	gene-LUU82_06060	None	None	12.280670350486426
gene-LUU82_05750	113.39228439166645	146.88314427917632	129.45944316093312	host	mnhG1	None	None	1.6635482152699197
gene-LUU82_12640	5018.970737588393	4740.417558420116	4415.963229119322	host	rpsE	None	None	95.10117420718788
gene-LUU82_03995	77.7601357433752	82.08388254373068	70.5976368401751	host	gene-LUU82_03995	None	None	0.41936013808496936
gene-SAM1_00121	1661.6361646862194	1213.528312342177	1545.4900222953213	phage	gene-SAM1_00121	early	early	38.67998008048006
gene-LUU82_12635	4438.93493752552	4213.79552480089	3761.3745816969604	host	rplR	None	None	73.9878634084746
gene-LUU82_01430	27.16838927833703	35.480797805817936	30.7752444967546	host	gene-LUU82_01430	None	None	0.5977356362477817
gene-LUU82_13420	3.0809244297586282	3.5650088247119385	3.2855529839256654	host	gene-LUU82_13420	None	None	0.05544314002400056
gene-LUU82_02230	42.067778914340884	38.71746515273782	28.1646092892562	host	gene-LUU82_02230	None	None	1.6517137464547471
gene-LUU82_07310	662.150760456128	448.61164816190575	373.64835692986895	host	vraX	None	None	34.84343873020213
gene-LUU82_10220	3.4932616681069377	3.577309033569158	3.3664576141973956	host	vraD	None	None	0.04741802675902202
gene-LUU82_06180	7.5172502532427705	6.373749983171304	5.794480662681039	host	gene-LUU82_06180	None	None	0.11909543312989172
gene-LUU82_09570	1.90661257188394	1.7337129020489923	1.578855154065182	host	deoD	None	None	0.07392196713691353
gene-LUU82_04550	251.59618297016712	290.8106642914284	258.18488319458993	host	rsmH	None	None	1.2214239710174493
gene-LUU82_02690	49.785558139287765	64.58798933449694	59.060385813375774	host	gcvPB	None	None	1.226636835880466
gene-LUU82_09020	1.3679345245517667	1.5643375962527486	1.6134077075469506	host	gene-LUU82_09020	None	None	0.030769322407267107
gene-LUU82_06565	45.471757058058905	52.671202384434054	48.21721969480501	host	gene-LUU82_06565	None	None	0.4709243686679908
gene-LUU82_01060	33.16836403802099	38.06551146854192	33.40493938877901	host	queG	None	None	0.2566858079681462
gene-LUU82_10185	139.11752556264085	123.60150274700827	106.54014796417573	host	noc	None	None	2.2813094070985893
gene-LUU82_00695	116.35867179068585	227.87909011788102	666.2768766966454	host	gene-LUU82_00695	None	None	168.48778198178098
gene-LUU82_07245	96.41594271707838	98.55165936632915	83.55352832027575	host	gene-LUU82_07245	None	None	0.892952778967944
gene-LUU82_13675	83.01581818949121	97.86544326689666	105.14611498040125	host	gene-LUU82_13675	None	None	1.5358072047096727
gene-LUU82_11110	17.872735592243746	13.159739233760156	9.753313696800653	host	sdaAA	None	None	0.9281520313343389
gene-LUU82_10810	56.75179973226238	66.23110483790379	51.063153162122866	host	gene-LUU82_10810	None	None	1.3173927626219497
gene-LUU82_07400	65.65801930287955	75.23109497663366	67.01161493687795	host	tadA	None	None	0.5494810066655444
gene-LUU82_08905	13.98189278859538	16.60585331142286	16.004453552436157	host	rbsD	None	None	0.3874652862085633
gene-LUU82_05170	1617.4812968688245	1639.3379423220724	1169.6955753493942	host	qoxC	None	None	77.36260608260052
gene-SAM1_00101	8148.859688629159	16364.234828646478	17910.902213310528	phage	gene-SAM1_00101	early	late	1486.3740901056287
gene-LUU82_02570	108.26188552371191	111.90502159029937	98.58335312811418	host	gene-LUU82_02570	None	None	0.3884606953959007
gene-LUU82_02110	75.88225995096018	66.96082016424064	56.941016725680726	host	gene-LUU82_02110	None	None	1.1178996686350202
gene-LUU82_07545	63.71264402048763	77.78913206882876	63.30581237775497	host	cysS	None	None	1.372409887747509
gene-LUU82_01340	6.335616166329506	8.479269370110949	7.571287116813832	host	gene-LUU82_01340	None	None	0.15315962711885184
gene-LUU82_09475	2.707799927275916	2.522632071421419	2.2602637654589945	host	cap8G	None	None	0.08975981983669772
gene-LUU82_14025	15.565621260233776	16.226669198847716	14.454325392270311	host	gene-LUU82_14025	None	None	0.05422965511307985
gene-LUU82_11500	47.396245083319315	42.8511875089393	44.23476276896789	host	fetB	None	None	0.45237477501633416
gene-LUU82_04370	68.21829543509557	69.08905619681882	54.948943885986644	host	gene-LUU82_04370	None	None	0.7426652376087733
gene-LUU82_05435	202.52252576273338	238.23258795595598	199.59818361108992	host	fabI	None	None	1.8413570342197576
gene-LUU82_06310	151.7994341252202	238.8277568982434	212.57538700829613	host	trxB	None	None	7.3685049771124165
gene-LUU82_01635	18.57580263773966	21.66308721231246	19.30443898321882	host	gene-LUU82_01635	None	None	0.14198116457420878
gene-LUU82_06935	6.973163000368248	5.635467212539518	6.223337672217071	host	gene-LUU82_06935	None	None	0.5962967277633132
gene-LUU82_12600	5486.201119193872	5153.6480097044105	4711.218457485257	host	rpsQ	None	None	94.64619432693726
gene-LUU82_06365	47.250395074118124	57.18614493892392	50.709214812299386	host	prfB	None	None	0.6258360804763986
gene-LUU82_00685	81.02905728252428	166.51869349647666	486.5320130940234	host	gene-LUU82_00685	None	None	125.4297001670436
gene-LUU82_00575	56.858075431480124	77.73485932562043	83.98751745999083	host	gene-LUU82_00575	None	None	2.255357783582803
gene-LUU82_07105	55.29155874648476	71.5556656112954	63.6134996979743	host	gene-LUU82_07105	None	None	1.1138075465092698
gene-LUU82_10295	3.4694840796144355	3.675056689027238	3.4588928873417246	host	gene-LUU82_10295	None	None	0.060971839446101385
gene-LUU82_13930	15.57438383768573	16.766985000463762	14.60153536291953	host	gene-LUU82_13930	None	None	0.4461396122234766
gene-SAM1_00074	647.385989125363	218.35529292271193	145.8736850935692	phage	gene-SAM1_00074	early	early	159.69953859047385
gene-LUU82_10550	3.924596235162607	4.861563634821814	4.219298796391331	host	arcD	None	None	0.07833065380278129
gene-LUU82_01395	35.687890795465876	54.76010558058465	41.16623218174991	host	gene-LUU82_01395	None	None	2.2576013806477477
gene-LUU82_13985	77.17593736748563	86.23411680955371	70.13822982049031	host	blaZ	None	None	0.7898555137797499
gene-LUU82_07390	82.11062294333833	103.0937539527752	99.33762704957876	host	gene-LUU82_07390	None	None	1.8340235877331748
gene-LUU82_08740	15.531311080744777	17.081503728244922	15.606108286988052	host	gene-LUU82_08740	None	None	0.1626144125021408
gene-LUU82_03645	21.289827708301402	23.124267648066745	18.18964827030855	host	gene-LUU82_03645	None	None	0.24903740657526743
gene-LUU82_03155	77.87283265210655	71.37327337271915	56.633017013320305	host	gene-LUU82_03155	None	None	1.2192683346030435
gene-LUU82_01130	83.78755880946214	110.81359370133983	102.37597156951658	host	gene-LUU82_01130	None	None	1.9470734178538445
gene-LUU82_00985	1196.1537216446857	1536.8940666070696	1449.017391512514	host	gene-LUU82_00985	None	None	92.47534083402991
gene-LUU82_08525	18.23541222297548	27.883514580755207	30.90014258752103	host	gene-LUU82_08525	None	None	1.3615714885885473
gene-LUU82_13295	816.8645491585985	920.4895992386142	745.3107312232524	host	gene-LUU82_13295	None	None	27.72705800780609
gene-LUU82_01370	52.63265710786495	68.84464125058064	57.200195289238415	host	gene-LUU82_01370	None	None	1.5966443480620967
gene-LUU82_02325	320.8798939678357	329.2805617032521	288.204331467065	host	greA	None	None	2.9029155110851947
gene-LUU82_12275	40.89624647902599	54.02788486148474	49.12943250135846	host	gene-LUU82_12275	None	None	0.8279457468970183
gene-LUU82_06410	67.96468508866788	57.733503063906134	40.95735509745146	host	gene-LUU82_06410	None	None	2.6615799352893044
gene-LUU82_06665	13.820057236279354	15.85809361113382	12.60610887171111	host	ybaK	None	None	0.21623709833322077
gene-LUU82_02870	16.666112229814207	21.220373786137046	17.72727274918632	host	gene-LUU82_02870	None	None	0.24430511326034088
gene-LUU82_09840	8.820123467085102	9.92585560986623	7.9182097836415535	host	gene-LUU82_09840	None	None	0.16694543009274285
gene-SAM1_00117	724.0407139558088	612.0490033086418	808.0223630124269	phage	gene-SAM1_00117	early	late	14.674504365048291
gene-LUU82_02890	44.90392550994994	49.84732954444476	44.42056461326312	host	gene-LUU82_02890	None	None	0.31453135289502876
gene-LUU82_07100	26.87979189967088	32.93015887238616	30.517488884702974	host	gene-LUU82_07100	None	None	0.4203734046767175
gene-LUU82_07145	44.34877909502461	61.54385189605148	57.01573552276102	host	gene-LUU82_07145	None	None	1.3345391807225309
gene-LUU82_01765	11.687598323462375	16.368489925006553	17.21363533199661	host	gene-LUU82_01765	None	None	0.5321427090331587
gene-LUU82_11755	48.234649718748216	54.884495000693185	52.29069113223424	host	gene-LUU82_11755	None	None	0.6567087712084394
gene-LUU82_12250	68.36208389169366	69.78845873203079	95.6926739714777	host	fdhF	None	None	2.7357431779450674
gene-LUU82_07780	228.20012990132417	287.22068698641084	254.40607450597258	host	gene-LUU82_07780	None	None	4.138743601014683
gene-LUU82_11225	67.4747760646955	52.73365543308474	64.5709657127794	host	gene-LUU82_11225	None	None	2.0211576319734488
gene-LUU82_01320	23.652930648338685	29.040500892196608	26.32655654330742	host	gene-LUU82_01320	None	None	0.48198631821518195
gene-LUU82_02020	70.92102156110329	90.71963691520888	71.1246561085628	host	gene-LUU82_02020	None	None	2.2891092817992944
gene-LUU82_09725	6.041275114449843	6.846093343532598	5.044646719427065	host	gene-LUU82_09725	None	None	0.2398782058370002
gene-LUU82_04545	241.17397826110815	269.3367292988762	236.1055817500691	host	ftsL	None	None	1.1562891192723819
gene-LUU82_04955	47.008287846596126	37.6347743405235	32.40424033788168	host	gene-LUU82_04955	None	None	1.258925933847385
gene-LUU82_13840	164.86189258967298	174.3952299723984	152.76083579821753	host	gene-LUU82_13840	None	None	4.559760948024296
gene-SAM1_00207	83.68858270150145	30.850362400212205	156.3858558419594	phage	gene-SAM1_00207	early	late	31.834880571706293
gene-LUU82_08560	20.782956797805824	21.334766339886006	18.78607934043271	host	mepA	None	None	0.09032839066572505
gene-LUU82_00750	34.61706723009535	60.62063103973187	216.85219397459477	host	gene-LUU82_00750	None	None	62.91089900676404
gene-LUU82_05385	199.82051474711497	198.65592676193864	160.8166678268917	host	gene-LUU82_05385	None	None	2.5852457116427447
gene-LUU82_12690	3588.301325614602	3469.68449549523	3263.707795962024	host	rplQ	None	None	35.77539755345464
gene-SAM1_00007	359.98015960401045	154.44181602611482	396.35043306073953	phage	gene-SAM1_00007	early	late	40.208382696145485
gene-LUU82_02550	111.57524320415484	115.94789162477248	93.47480677876877	host	dnaG	None	None	1.051232494300485
gene-LUU82_11480	13.171549813172271	17.620298623736428	13.89014070727801	host	gene-LUU82_11480	None	None	0.4047830260220045
gene-LUU82_09970	4.101209408031882	4.367557609768553	3.8396523775993288	host	gene-LUU82_09970	None	None	0.03873566947637392
gene-LUU82_10175	93.28725362526052	78.88127752256968	66.36384258790083	host	mnmG	None	None	1.9819338899296812
gene-LUU82_09430	16.072052089666737	17.567971332893496	16.546060220566055	host	cap8P	None	None	0.1496954645874513
gene-LUU82_13170	24.255854289858288	29.953586940597546	26.780304704982814	host	gene-LUU82_13170	None	None	0.25071073864549087
gene-LUU82_08355	29.789320226355745	26.117648632431933	22.96203918780348	host	gene-LUU82_08355	None	None	0.43950267401024407
gene-LUU82_06225	194.1616687709725	213.35745798787548	189.27575077542224	host	smpB	None	None	0.9851416328226644
gene-LUU82_06110	14.220002545285176	18.545382259246022	15.29140365818076	host	aroD	None	None	0.3333907817143327
gene-LUU82_05700	16.058558004189706	27.638296452158936	24.752770722276058	host	gene-LUU82_05700	None	None	1.383686285945928
gene-LUU82_03100	176.38074565759203	211.03966549313373	187.54401231048243	host	asnS	None	None	2.061756209046944
gene-LUU82_13285	870.1547946213851	1007.7068267504719	798.6996248231188	host	gene-LUU82_13285	None	None	21.317240321439105
gene-LUU82_01490	25.064977107551965	28.855051143869186	25.998254254685303	host	sigS	None	None	0.14742778210473098
gene-LUU82_13035	47.619128152186676	47.31880025387892	42.31468828075513	host	gene-LUU82_13035	None	None	0.6724269600268838
gene-LUU82_10840	4.1347526369956435	4.594629357340661	4.052360426506191	host	gene-LUU82_10840	None	None	0.03693667953739331
gene-LUU82_05780	63.8115013612647	83.22122850234467	68.73374225694926	host	gene-LUU82_05780	None	None	1.8839045794760836
gene-LUU82_13770	86.86162350115853	126.55664380141586	104.5906040109585	host	gene-LUU82_13770	None	None	3.330397226356673
gene-LUU82_03740	8.368114415365497	9.012197806210454	10.093514472282365	host	thrC	None	None	0.14738853810825497
gene-LUU82_05120	64.12660864522564	110.53947162977136	88.08356098440282	host	purQ	None	None	8.020639620494782
gene-LUU82_00040	4.715520467153104	4.2544332214165985	4.249492017364076	host	gene-LUU82_00040	None	None	0.11264513001747288
gene-LUU82_02940	121.7815414307971	142.04945369867008	120.3614913391457	host	gene-LUU82_02940	None	None	1.2879463427334028
gene-LUU82_09000	20.817458770892586	31.161441582789823	34.35739723515321	host	gene-LUU82_09000	None	None	1.6856242470688776
gene-LUU82_04715	51.86990418728771	50.65882799212647	56.83197208875481	host	sdhA	None	None	2.0609978250319494
gene-SAM1_00179	134.042653408295	136.91522509891593	259.2212295811109	phage	gene-SAM1_00179	early	late	21.001797753113944
gene-LUU82_06825	9.799398458281322	15.351212248046378	14.831864502871516	host	gene-LUU82_06825	None	None	0.5260801364685067
gene-LUU82_06120	67.19193200802266	73.6464466151064	64.71030306401202	host	gene-LUU82_06120	None	None	1.0906719243935072
gene-SAM1_00034	263.93497711137456	96.536552445943	164.12372232689088	phage	gene-SAM1_00034	early	early	30.202843279233495
gene-LUU82_02715	56.71495978075046	72.05770246475525	63.5381387388477	host	gene-LUU82_02715	None	None	1.0435000564938655
gene-LUU82_00310	127.47426685787077	159.06197885655675	134.60341322386407	host	gene-LUU82_00310	None	None	1.9502004820410552
gene-LUU82_02680	30.53242692242559	39.262100685515755	35.73097673354847	host	gcvT	None	None	0.7602394336518357
gene-SAM1_00071	6229.813277373526	1412.3537021989748	1527.7514769339457	phage	gene-SAM1_00071	early	early	1652.4068997987629
gene-LUU82_03500	105.93751000862794	133.91780854325535	114.26305790496788	host	femB	None	None	1.6793049212580666
gene-LUU82_07060	5.080265664490272	5.486477230153242	4.595824806657858	host	gene-LUU82_07060	None	None	0.09810132443529923
gene-SAM1_00191	2963.15310041305	1204.3816293789062	2342.5673174575654	phage	gene-SAM1_00191	early	early	262.62739554092377
gene-SAM1_00037	311.76366123792104	109.62300457732114	250.7368963108154	phage	gene-SAM1_00037	early	early	33.890048089196306
gene-LUU82_00875	30.84344486155901	46.646287779021264	40.15606393168801	host	bcp	None	None	1.2309100967971414
gene-LUU82_11030	188.54723508424402	237.2366869520757	201.10645398572956	host	gene-LUU82_11030	None	None	2.9106111263081247
gene-LUU82_09080	6.61190771121237	8.73774362526472	7.2997776376728964	host	gene-LUU82_09080	None	None	0.1654833670739387
gene-LUU82_11240	5.133570456875277	6.40028790982888	5.409565613573849	host	gene-LUU82_11240	None	None	0.09619163638529446
gene-LUU82_07595	105.891880901964	164.67581181368936	167.13808639565238	host	pdxT	None	None	6.009175028787661
gene-SAM1_00222	101.88807694519714	65.17696314466592	99.30151036167217	phage	gene-SAM1_00222	early	early	6.251261331260393
gene-LUU82_00830	33.61676304513449	45.66198643057377	52.30210142444181	host	gene-LUU82_00830	None	None	1.5638918801728123
gene-LUU82_01070	277.2952186805406	316.13219814647584	304.08012570903537	host	gene-LUU82_01070	None	None	3.7335951773016123
gene-LUU82_09895	35.568686199014785	45.17150914094145	37.67145365508569	host	gene-LUU82_09895	None	None	1.0158246353614977
gene-LUU82_02320	310.16418285067806	306.8106206114763	264.0668370082844	host	udk	None	None	2.5078799069440363
gene-LUU82_13885	223.80467395455216	228.90587019415398	200.284269473443	host	gene-LUU82_13885	None	None	5.733724300401033
gene-LUU82_00320	15.643556401615191	17.939099012032248	18.39363130221172	host	gene-LUU82_00320	None	None	0.12710776547457472
gene-LUU82_06670	256.03930534823195	311.67444377131915	293.8886286078151	host	gene-LUU82_06670	None	None	3.8636393216855116
gene-LUU82_12375	247.97113271130164	455.097106973692	297.0517669512088	host	gene-LUU82_12375	None	None	34.76432111649272
gene-SAM1_00035	651.3681715563825	216.33767541563387	468.4479375760816	phage	gene-SAM1_00035	early	early	74.56533054292473
gene-LUU82_01390	10.094907913311403	13.448751235613733	9.316446737356598	host	gene-LUU82_01390	None	None	0.5867205671477714
gene-LUU82_06580	14.6424291178553	19.073877754233433	15.678942053815566	host	gene-LUU82_06580	None	None	0.3344280209193203
gene-LUU82_13225	137.26613233156502	147.97290482630729	117.5839802127453	host	prfA	None	None	1.7632222790857548
gene-LUU82_02915	2.745962709326054	3.6573461993176966	3.9149143770480954	host	gene-LUU82_02915	None	None	0.09786154825753286
gene-LUU82_04560	31.30037509083498	38.15709911692954	30.49474714007287	host	bshC	None	None	0.4468935508279281
gene-LUU82_10040	45.84577778293558	54.42673557877463	42.5208258051783	host	gene-LUU82_10040	None	None	0.658871727347408
gene-LUU82_03250	154.96191903381228	200.0379372579455	180.20954923011337	host	msrA	None	None	3.7568182967780523
gene-LUU82_05975	21.87209874497054	20.542855007597904	19.57750020471455	host	gene-LUU82_05975	None	None	0.09659877704779442
gene-LUU82_06205	6.341638157689275	5.347289334225034	4.6192815610628335	host	gene-LUU82_06205	None	None	0.26825677057841485
gene-LUU82_02515	67.91069898362174	81.38845547908824	69.25863740447691	host	gene-LUU82_02515	None	None	0.9452698648197397
gene-LUU82_08215	12.574579090473156	18.00005626695759	17.292072843131894	host	gene-LUU82_08215	None	None	0.46170251465700357
gene-LUU82_03015	100.30567019103965	111.45666294453285	94.35773508545797	host	gene-LUU82_03015	None	None	0.7518732815619819
gene-LUU82_11975	14.60647721574557	18.46295775383534	16.714752220380046	host	hssS	None	None	0.1922861620336627
gene-LUU82_08120	3.138143417686502	3.7719514170397423	3.219620757362867	host	lpl2	None	None	0.0703595785546343
gene-LUU82_13475	287.8778870138046	360.9000393573088	339.8181472904026	host	gene-LUU82_13475	None	None	4.519536158016762
gene-LUU82_09690	84.13088861628593	89.90432728519808	72.50014472956543	host	sirC	None	None	1.4064832881640155
gene-LUU82_05080	37.098005701483395	41.10113183300319	48.6677077692641	host	gene-LUU82_05080	None	None	1.3785008512355827
gene-LUU82_08815	6.829071201351329	10.738370181904012	11.846810301973177	host	essB	None	None	0.5572072604676688
gene-LUU82_05330	93.19352753021899	79.8929537440958	59.38475934768044	host	gene-LUU82_05330	None	None	3.218029632191933
gene-LUU82_11135	6.890074415201156	7.959429973264778	7.233639278114929	host	gene-LUU82_11135	None	None	0.04480106002666485
gene-LUU82_07825	67.00881399559513	79.03648429210568	71.52299072735285	host	rnmV	None	None	0.7690740243461895
gene-LUU82_10075	216.17083241115142	235.61418671424394	180.5788785358175	host	gene-LUU82_10075	None	None	3.7150349881767855
gene-LUU82_02405	171.30407957301426	187.61270652148502	162.98945042036559	host	rsfS	None	None	0.9771080024253144
gene-LUU82_08485	40.40509986287978	47.37543933676947	48.07302272491486	host	gene-LUU82_08485	None	None	0.40092407589119494
gene-LUU82_03750	1.4245700343419896	1.5604292977183611	1.7948447262579792	host	gene-LUU82_03750	None	None	0.018805553248140542
gene-LUU82_08775	63.55873894543044	72.66152465884728	64.06036325477237	host	gene-LUU82_08775	None	None	0.948922007364472
gene-LUU82_01435	6.00389454860795	7.532305811184163	6.197695691003425	host	pckA	None	None	0.1859127017136528
gene-LUU82_01180	61.1430039551282	58.79460757071843	47.557078337108486	host	hemE	None	None	1.142979212528025
gene-SAM1_00079	1683.6534081621303	1405.2377655795492	1325.1508639953151	phage	gene-SAM1_00079	early	early	26.20788856511807
gene-LUU82_08895	13.453163253601373	14.8328044667528	13.418494924953878	host	gene-LUU82_08895	None	None	0.13382992260779747
gene-LUU82_06485	138.96664299016047	216.41960596485276	186.42965438242413	host	nrdF	None	None	6.477132349191034
gene-LUU82_13545	10.10581468817899	8.114417055640882	6.349452500132336	host	leuD	None	None	0.33018983304764127
gene-LUU82_05565	208.84162064960458	350.4393160092615	287.9700015166579	host	fabF	None	None	13.03694758166194
gene-LUU82_01195	39.677198921428776	47.942014770361034	40.26263476940548	host	gene-LUU82_01195	None	None	0.48076864536059816
gene-LUU82_03965	96.7374257976424	110.70438301788651	101.60439116403138	host	thiW	None	None	0.9398062268980196
gene-LUU82_02270	97.83628636167377	113.2452733132035	99.26814773002847	host	mnmA	None	None	0.9860000473302942
gene-LUU82_02630	143.72741606302642	153.9108106374325	140.00592019445654	host	gene-LUU82_02630	None	None	1.008447584036832
gene-LUU82_00250	50.952962385322714	66.9348431742375	55.93812265696938	host	gene-LUU82_00250	None	None	0.9400520945223394
gene-LUU82_03870	11.70920749686372	12.135940015293912	11.59069659633726	host	gene-LUU82_03870	None	None	0.18218429796893
gene-SAM1_00053	792.3211725038299	247.32945988071484	419.50497075831055	phage	gene-SAM1_00053	early	early	110.26735337843644
gene-LUU82_09995	130.06538585518894	157.1439471008142	134.95097632728147	host	gene-LUU82_09995_gene_mecA	None	None	1.6223977380226393
gene-LUU82_07875	57.08023578178657	75.61257819035659	66.77088838193714	host	tmk	None	None	1.265139280088969
gene-LUU82_01030	2923.534953786711	2856.2017634138138	2742.094019934204	host	gene-LUU82_01030	None	None	15.719942970363194
gene-LUU82_13835	155.78789939152412	166.06701371987126	145.11273569500656	host	gene-LUU82_13835	None	None	4.155847092181721
gene-LUU82_04990	1545.580762415373	1653.3885595214933	1687.9068318327734	host	gene-LUU82_04990	None	None	34.91466775733401
gene-LUU82_12495	44.111216214196276	63.352453086697714	62.719649668663294	host	gene-LUU82_12495	None	None	1.7671606976295389
gene-LUU82_03060	60.00363341850499	66.92298858354927	62.55295521974411	host	gene-LUU82_03060	None	None	0.3949348967669368
gene-LUU82_06730	17.78644333510962	19.831619124609915	17.246951616215853	host	gene-LUU82_06730	None	None	0.17237281623384776
gene-LUU82_04635	21.48843093172076	25.811322647766985	22.925697805447694	host	gene-LUU82_04635	None	None	0.7232978591991993
gene-LUU82_06875	50.32435511897748	77.07974440013875	66.86302099584776	host	gene-LUU82_06875	None	None	2.01174008863699
gene-LUU82_13130	27.071755622604474	45.52560275544186	38.34477507155378	host	deoC	None	None	2.603053291785072
gene-LUU82_04620	1.3305444939784514	1.389681656388187	1.369777354719924	host	gene-LUU82_04620	None	None	0.010710136050377557
gene-LUU82_07805	140.1706852296147	145.6557680779238	144.44524597962024	host	purR	None	None	0.5565245049197919
gene-LUU82_09910	17.622640998044734	19.625901206089427	16.200295061647186	host	gene-LUU82_09910	None	None	0.2644386321155544
gene-LUU82_08350	22.996354535529473	26.499584844740742	23.580048198844967	host	gene-LUU82_08350	None	None	0.3386220691689353
gene-LUU82_10695	9.28603987259398	10.51876604622628	10.186416722800287	host	betA	None	None	0.13032622290394225
gene-LUU82_05185	88.12623411311334	107.29835609762257	100.03547229079486	host	gene-LUU82_05185	None	None	0.6761365084232008
gene-LUU82_08645	12.850396831459898	13.36864689688558	11.248850565377166	host	gene-LUU82_08645	None	None	0.1973596603142528
gene-SAM1_00106	1798.4609208478025	529.8256664581626	862.1673900938646	phage	gene-SAM1_00106	early	early	287.0603089958282
gene-LUU82_06895	388.35921744751823	481.49286915390303	406.1466440830209	host	gene-LUU82_06895	None	None	4.083965218177455
gene-LUU82_02265	76.82782823948224	88.54744905633265	75.61978786096768	host	gene-LUU82_02265	None	None	0.7748640491654099
gene-LUU82_09110	2.5974429993889188	2.4786682514700087	2.2971355201327213	host	gene-LUU82_09110	None	None	0.02988932292168793
gene-LUU82_12530	39.609350912352	52.85263538691394	35.95725146980758	host	gene-LUU82_12530	None	None	1.4111092381198647
gene-LUU82_00010	5.112839619832273	5.661922232369576	4.877412817990211	host	gene-LUU82_00010	None	None	0.10289853335995414
gene-LUU82_11950	21.746388426575525	25.9857213686423	23.714770949027212	host	gene-LUU82_11950	None	None	0.2813415797550136
gene-SAM1_00190	1701.6293290894073	708.6685659598073	1461.5566897318924	phage	gene-SAM1_00190	early	early	150.46529713913415
gene-SAM1_00024	511.5983897134684	167.88088255247553	230.88174393111282	phage	gene-SAM1_00024	early	early	74.8493696302121
gene-LUU82_02370	78.74041817569952	82.14155768235003	73.30542964146063	host	mtnN	None	None	0.5157616865079421
gene-LUU82_06645	40.917567079435834	48.90118057829568	38.324563149493095	host	nagA	None	None	0.6402869384398496
gene-LUU82_03615	90.53958700937197	106.37605294355137	87.94628629119632	host	gene-LUU82_03615	None	None	0.9978334291373641
gene-LUU82_06430	49.589729246193336	50.97894855564416	41.95944823919207	host	gene-LUU82_06430	None	None	0.4392657356587877
gene-LUU82_04795	13.065646812698889	29.148307264213273	14.98342399289767	host	isdF	None	None	3.220145464134954
gene-LUU82_09795	2.1835138246416026	2.7631576856498667	2.3576902108004187	host	gene-LUU82_09795	None	None	0.05409006153602103
gene-LUU82_02865	26.818731078554283	34.6165794642781	30.101027614229196	host	gene-LUU82_02865	None	None	0.4953860645642842
gene-LUU82_01540	14.10438045571415	14.94970132593327	13.945217066525094	host	gene-LUU82_01540	None	None	0.1308428096923629
gene-LUU82_04510	48.472993321978265	50.46460723306796	50.69546044687615	host	pgeF	None	None	0.47859143619852657
gene-LUU82_03900	1073.4094784984388	820.7663509658379	595.7115565504533	host	gene-LUU82_03900	None	None	70.86571821895643
gene-LUU82_10420	126.23606986655062	105.9931429134488	109.03411056626562	host	gene-LUU82_10420	None	None	1.8469164086315206
gene-LUU82_14035	260.5061231224036	300.7019489402875	271.5614868553673	host	gene-LUU82_14035	None	None	4.066089864647092
gene-LUU82_09340	5.626887474565232	6.092687363691951	6.722702915723485	host	argJ	None	None	0.1989833765473869
gene-LUU82_08610	17.04944044207271	25.669808269794476	19.12444667345637	host	gene-LUU82_08610	None	None	0.7445258182689678
gene-LUU82_11320	16.271388421993404	21.920818206532942	19.491593723059587	host	gene-LUU82_11320	None	None	0.5409205542031941
gene-LUU82_12925	72.84727656618914	87.85593106090327	71.74973456395125	host	gene-LUU82_12925	None	None	0.7552897487609588
gene-LUU82_12295	72.01082013284115	82.42058993907038	89.11731033855568	host	nhaC	None	None	1.1495679591180226
gene-LUU82_10135	134.67502249463516	154.23518507552038	140.69345716147558	host	gyrB	None	None	1.985536588214464
gene-LUU82_10775	2.185342777732089	2.2749927012975335	1.9862323716210775	host	sasK	None	None	0.013671865139501721
gene-LUU82_09905	22.737292174233783	29.238598024202645	24.74296368372336	host	gene-LUU82_09905	None	None	0.3615848096168197
gene-LUU82_03970	148.5632090594285	170.31769244678995	162.11451698767928	host	gene-LUU82_03970	None	None	1.4769959249778744
gene-SAM1_00097	1948.559887958502	2073.25335495829	2021.1074399586216	phage	gene-SAM1_00097	early	middle	43.43263475526701
gene-LUU82_05470	16.855492708468606	21.428800150395215	17.993347911572027	host	gene-LUU82_05470	None	None	0.33548894765784665
gene-SAM1_00139	4893.839000811989	1594.8734217249396	1422.7740983922188	phage	gene-SAM1_00139	early	early	988.390316637222
gene-LUU82_11670	4.6255023087270715	6.270908829929881	4.940915256473304	host	gene-LUU82_11670	None	None	0.11339083860051084
gene-LUU82_08110	3.2655713910650377	3.7717715495240127	3.2413341982135457	host	lpl4	None	None	0.09234265627701103
gene-LUU82_02030	294.7972117368567	332.70835855648403	287.2104844968432	host	clpX	None	None	1.9167463325006273
gene-LUU82_13050	161.5920401344488	199.6119433292963	176.0329807461528	host	glmS	None	None	2.0320966556581936
gene-SAM1_00082	4133.269129980641	3151.5385895758022	2799.9533395440826	phage	gene-SAM1_00082	early	early	134.61288167317588
gene-LUU82_01930	42.77105346616107	46.55258099285722	39.847035068926914	host	gene-LUU82_01930	None	None	0.4175246294163346
gene-SAM1_00221	239.37125276136305	103.00084823470426	225.11647554252002	phage	gene-SAM1_00221	early	early	23.27084835901005
gene-LUU82_04930	66.44153745870544	96.07958434914768	85.16911546682137	host	gene-LUU82_04930	None	None	2.0252284198955026
gene-LUU82_05630	71.22000036017003	100.58638710415237	92.65463128662812	host	gene-LUU82_05630	None	None	2.644300248277404
gene-LUU82_02235	63.810570671746405	58.09476856931702	46.272724040752415	host	gene-LUU82_02235	None	None	1.1065216522854324
gene-LUU82_07820	61.27592011035302	70.04141179624575	64.58518591835865	host	rsmA	None	None	0.4419295928385582
gene-LUU82_08090	11.927546768854564	15.374833426876734	11.657566674788775	host	gene-LUU82_08090	None	None	0.3442025162743537
gene-LUU82_08065	12.061827173325606	13.37888183990323	9.755976351711427	host	gene-LUU82_08065	None	None	0.27706108191337775
gene-LUU82_00855	54.18563322381842	58.02382854334872	53.057786723829544	host	gene-LUU82_00855	None	None	0.18015945985232776
gene-LUU82_01140	78.51244890094097	87.26752213565284	76.96997333655226	host	gene-LUU82_01140	None	None	0.5815203925924743
gene-LUU82_05880	24.869955562295186	29.540925550932467	24.516286175461925	host	gene-LUU82_05880	None	None	0.5415798895011336
gene-LUU82_06770	3.692547180128147	3.9018090485559433	2.8969953686265604	host	gene-LUU82_06770	None	None	0.1406374434295116
gene-LUU82_08010	3.3615682335530153	4.890982042113705	5.527718505513261	host	gene-LUU82_08010	None	None	0.25066747337377543
gene-LUU82_07250	105.73118459305454	107.24972087996905	92.61084861765386	host	mvaD	None	None	0.9774273032034914
gene-LUU82_01860	23.443978990098753	33.376704266773764	28.538276168819532	host	gene-LUU82_01860	None	None	0.8647568326389361
gene-LUU82_02535	303.3730952898696	336.84405955999506	291.08789165490253	host	gene-LUU82_02535	None	None	1.8435919173444293
gene-LUU82_02860	19.506629505149693	25.54172029554691	21.077430337693084	host	gene-LUU82_02860	None	None	0.43853331880142066
gene-LUU82_12870	29.752780930262247	31.770901200647888	25.852037640999196	host	sfaD	None	None	0.32433116874053647
gene-LUU82_10505	17.521712669695233	19.679463841300525	18.967571599723552	host	gene-LUU82_10505	None	None	0.12570932372917829
gene-LUU82_01310	1.5447567954143062	1.733877165656602	1.1888371250178322	host	splF	None	None	0.05120943819939995
gene-LUU82_09210	1.3801062278943699	2.371240106387908	1.3283089943913022	host	gene-LUU82_09210	None	None	0.40747939098231506
gene-LUU82_11725	484.39175168051923	748.4332889955284	706.7360097971559	host	gene-LUU82_11725	None	None	24.86700173284329
gene-LUU82_10895	39.30928904962378	43.87095655201379	38.906221349834716	host	gene-LUU82_10895	None	None	0.2509407059723354
gene-LUU82_12845	17.475980390848818	23.823256179457164	20.924091619499013	host	gene-LUU82_12845	None	None	0.41991751132168864
gene-LUU82_13400	97.64044083473634	126.6220968117907	118.73097978163258	host	gene-LUU82_13400	None	None	3.0199769422627245
gene-LUU82_09335	7.285655807206666	7.677128990615439	7.7620838876248115	host	argC	None	None	0.13322991684331173
gene-LUU82_02180	1130.7149920306301	1128.7666290234567	1024.6092655802547	host	yajC	None	None	7.082108960358223
gene-SAM1_00210	77.89947105842595	27.743514955976565	120.63659907173263	phage	gene-SAM1_00210	early	late	21.145922546883533
gene-LUU82_01150	179.0961524844704	216.2681904266241	199.51438176826375	host	gene-LUU82_01150	None	None	2.6927440470656037
gene-LUU82_12485	45.718431807778956	62.00748200270601	54.39404796474264	host	gene-LUU82_12485	None	None	1.2615018853790554
gene-LUU82_12685	2407.9029947629474	2382.806633797065	2229.4654536464227	host	gene-LUU82_12685	None	None	20.357283427739528
gene-LUU82_05970	37.34911813788366	38.07959242280375	32.74692311625632	host	gene-LUU82_05970	None	None	0.3474756151787668
gene-LUU82_12745	4.909034181475867	5.1680602584889686	4.9590382178176355	host	gene-LUU82_12745	None	None	0.07128406166265762
gene-LUU82_01695	3.875083119251041	3.2459691635782946	2.0541796132829693	host	gene-LUU82_01695	None	None	0.361297712034262
gene-LUU82_08935	30.202323947629882	32.96508133301705	30.30212349013519	host	gene-LUU82_08935	None	None	0.09984991748686435
gene-LUU82_01085	29.60083469473508	35.440738089833985	33.01648589258972	host	fumC	None	None	0.32925998881401286
gene-LUU82_09540	2.891524253969742	3.0377760861992837	3.005295394093743	host	phnC	None	None	0.054105989712786406
gene-LUU82_01955	41.542225587913315	58.787725825751345	50.90398339599327	host	coaE	None	None	1.1520594521625518
gene-LUU82_07285	254.6212252822181	210.12129119052648	200.41458327143036	host	gene-LUU82_07285	None	None	4.399766948759388
gene-LUU82_06575	19.336430185956967	23.81648486085051	22.182499499873213	host	gene-LUU82_06575	None	None	0.34269369669080757
gene-SAM1_00123	1891.1449017112611	1529.8969270333737	1832.4697736859598	phage	gene-SAM1_00123	early	early	28.706845988262977
gene-SAM1_00011	984.3082567482937	579.3721492208454	1117.5157950730556	phage	gene-SAM1_00011	early	late	67.46388867376605
gene-LUU82_04310	17.30543997295472	19.951999305401387	17.86461730649745	host	recG	None	None	0.19121773871506892
gene-LUU82_04185	69.02798149146948	62.41477184688822	49.90834014317189	host	xerC	None	None	1.3121677063487363
gene-LUU82_06085	15.84988854616841	18.663934499248025	16.62064653064013	host	gene-LUU82_06085	None	None	0.205941222160007
gene-LUU82_07865	62.48298297136791	75.04793010837845	69.07870132641544	host	gene-LUU82_07865	None	None	0.5666327577979339
gene-LUU82_04035	84.73451004285033	94.49556129506892	86.98817405654985	host	gene-LUU82_04035	None	None	0.9378432783988736
gene-SAM1_00129	632.8007020163174	194.02211013396857	345.5988607942929	phage	gene-SAM1_00129	early	early	87.13137691256236
gene-LUU82_05980	55.82349516427589	54.60915919336269	49.281810188413196	host	gene-LUU82_05980	None	None	0.47468951720249947
gene-LUU82_11625	90.91939665553991	94.50068581337297	107.26646809727401	host	gene-LUU82_11625	None	None	1.3848054462476325
gene-LUU82_00610	55.864764648261946	78.85227261873776	90.57551244764726	host	gene-LUU82_00610	None	None	3.3856161483395195
gene-LUU82_10710	41.350806793188106	56.336047083728545	55.9892638697956	host	gene-LUU82_10710	None	None	1.6216382195409966
gene-LUU82_02170	171.7958904220343	139.94601176969582	121.17997809692464	host	queA	None	None	4.099037002804332
gene-LUU82_11605	60.145208423667675	71.3274544697333	68.55600073279071	host	gene-LUU82_11605	None	None	0.4084525214906099
gene-LUU82_01410	19.65355928608055	25.685183735700814	22.340855107085357	host	menE	None	None	0.5584341974093582
gene-SAM1_00008	247.19907479424614	103.5603207287963	224.65781385435685	phage	gene-SAM1_00008	early	early	24.062407943922846
gene-LUU82_03440	2.882763086163788	3.410375000082048	3.0588855209610286	host	pstA	None	None	0.03502552853227026
gene-LUU82_01850	15.591514579013165	17.558058047751683	15.543248005476405	host	ald	None	None	0.10720646669038379
gene-LUU82_10225	41.873601860247184	39.18519870665406	34.09775419344228	host	gene-LUU82_10225	None	None	0.7990386605278836
gene-LUU82_04535	101.51795315042011	98.19166513431945	86.71571259377531	host	mraY	None	None	0.9264107228141519
gene-LUU82_13610	5.687444997382861	5.582488126608094	4.562545940284328	host	gene-LUU82_13610	None	None	0.06996274773164528
gene-LUU82_12740	19.149006261941313	33.43222159639507	33.68524331914136	host	budA	None	None	1.8844051207509902
gene-SAM1_00001	203.02821497849138	80.16386998242596	229.50989298132905	phage	gene-SAM1_00001	early	late	28.949280547159308
gene-LUU82_07465	5675.374205476328	5272.122430310926	4635.011789576881	host	rpsL	None	None	100.57322648994732
gene-SAM1_00119	3952.795131777006	2776.6941649437126	3376.495418945911	phage	gene-SAM1_00119	early	early	122.98609611650016
gene-LUU82_08820	10.579775070006203	14.671088568744016	15.495216019657528	host	esaB	None	None	0.6730982337118828
gene-LUU82_00670	33.27902454200259	57.16247120972533	108.07941405468291	host	gene-LUU82_00670	None	None	15.286112475807382
gene-LUU82_01025	2259.1937321618193	2277.5519579235256	2189.0159148279126	host	gene-LUU82_01025	None	None	14.166788697383389
gene-LUU82_08410	2726.38871509242	2743.986672278237	2406.226883572317	host	rpsF	None	None	25.35863777561665
gene-LUU82_04590	49.996793581427106	58.67477784514017	56.54371945104313	host	gene-LUU82_04590	None	None	0.6249308349625093
gene-LUU82_04290	208.64433144700737	278.4535820412695	237.51204889853673	host	fabG	None	None	5.135285931607725
gene-LUU82_02290	295.0326705568898	335.62610568452675	290.9575088202702	host	gene-LUU82_02290	None	None	2.220413538572493
gene-LUU82_03115	80.51253639131193	90.84263322517727	78.69748284387204	host	gene-LUU82_03115	None	None	0.7522484991137853
gene-LUU82_08765	7.424242363094119	8.854757208739052	8.77770162563863	host	gene-LUU82_08765	None	None	0.10956992685008621
gene-LUU82_11445	13.168588484064898	18.84701360826948	12.088420586400224	host	gene-LUU82_11445	None	None	0.878666837652816
gene-LUU82_11515	11.25737383965778	15.616448651829415	19.12230835564287	host	gene-LUU82_11515	None	None	0.7736307179073705
gene-SAM1_00095	1469.9244841259708	1623.5624571509059	1561.2024515900712	phage	gene-SAM1_00095	early	middle	21.477284428043806
gene-LUU82_04255	1142.977525189803	1129.5281968669613	946.3996610379817	host	rpsP	None	None	37.536899064535376
gene-LUU82_04135	155.32948712104314	145.56658403776942	128.67564628852406	host	gene-LUU82_04135	None	None	1.1577958651661706
gene-LUU82_05135	66.6970169594613	106.52284416659079	76.76675942295559	host	purK	None	None	7.5169920279063405
gene-LUU82_11570	14.026780258535455	15.954815650724854	13.74626857961377	host	gene-LUU82_11570	None	None	0.09493032105040089
gene-LUU82_13890	173.34235212598583	186.0847965662044	151.93797780654393	host	gene-LUU82_13890	None	None	4.844581928009125
gene-LUU82_03005	122.59225962778845	141.21091525523835	126.23318384430718	host	gene-LUU82_03005	None	None	1.1550477862750483
gene-LUU82_12330	11.768792341531883	14.89571907113652	14.700599773490064	host	gene-LUU82_12330	None	None	0.1945792028735773
gene-SAM1_00138	4288.249357306638	1378.6229998302977	1268.1335686957684	phage	gene-SAM1_00138	early	early	865.9029167617055
gene-LUU82_13555	3.2618298534904433	3.351231447954419	2.4007954958776048	host	leuB	None	None	0.12979331832737256
gene-LUU82_02300	170.72278050870727	205.23919032027916	170.54513332797808	host	gene-LUU82_02300	None	None	2.316973862767336
gene-LUU82_07355	28.924483409795286	41.87289552566296	36.589692586403054	host	nagB	None	None	1.2585035825835427
gene-LUU82_12035	70.47966527815674	82.89152185184754	76.56472617021005	host	gene-LUU82_12035	None	None	0.5434145056929865
gene-LUU82_09875	28.623857251352558	29.417976047577042	25.11376091416805	host	gene-LUU82_09875	None	None	0.6129485261442789
gene-LUU82_03480	8.899695778317568	7.301645766205634	6.138718708371655	host	gene-LUU82_03480	None	None	0.19129744398420986
gene-LUU82_01880	43.22663180274984	50.98189753215323	44.59029877227278	host	pde2	None	None	0.7840271277611748
gene-SAM1_00132	2342.918500862071	676.5742612159872	998.0158121569708	phage	gene-SAM1_00132	early	early	395.39918236733394
gene-LUU82_13505	96.03854253892173	99.75360543637333	89.56755928131525	host	gene-LUU82_13505	None	None	0.7367441200022391
gene-LUU82_04305	184.02702113156639	235.48395191163704	190.99656977538737	host	fapR	None	None	3.857033626543079
gene-LUU82_09185	5.558578108802789	7.872409678633084	5.401435068691839	host	gene-LUU82_09185	None	None	0.7530941415888648
gene-LUU82_01515	8.092993109045397	9.478369630750732	8.774643006172361	host	gene-LUU82_01515	None	None	0.11181036873428382
gene-LUU82_05250	74.41407288770336	87.63642174788504	73.2186919551735	host	menD	None	None	1.272941812539965
gene-LUU82_09650	3.4990015873048725	6.04527165094191	4.361024698532776	host	sbnF	None	None	0.30119622820116754
gene-LUU82_08675	1.177551544364853	1.1855888939249049	1.0330445788798606	host	gene-LUU82_08675	None	None	0.021019970143531186
gene-LUU82_03685	64.16288215178012	67.17918224943071	51.63083228039534	host	gene-LUU82_03685	None	None	1.115619989691261
gene-LUU82_09950	5.0357205773540095	5.0796354426549515	4.847006726982964	host	gene-LUU82_09950	None	None	0.01432002516104158
gene-LUU82_00590	83.95101247814306	115.50763008369613	127.88054124287294	host	gene-LUU82_00590	None	None	3.799198002807869
gene-LUU82_12445	109.30211316619626	137.19378066926132	122.7264515265149	host	moaD	None	None	2.0826336089009954
gene-LUU82_02880	39.052300127819755	42.30941230852193	45.07189855002736	host	xerD	None	None	0.38473150905692094
gene-LUU82_11760	48.94885480342646	58.07418785967561	52.51599815691906	host	gene-LUU82_11760	None	None	0.6963233025392863
gene-LUU82_14005	41.040750157696095	74.89968198829716	70.98303700841662	host	gene-LUU82_14005	None	None	4.508283039863677
gene-LUU82_12220	7.545319359755479	8.651866260288012	7.411594733860425	host	gene-LUU82_12220	None	None	0.0657267630906823
gene-SAM1_00126	1574.6675228911038	452.466776157979	502.3986744348781	phage	gene-SAM1_00126	early	early	324.2819488243843
gene-LUU82_09420	18.726340583195544	29.82571390796662	19.59668253386651	host	gene-LUU82_09420	None	None	1.3211038109108864
gene-LUU82_13690	82.51055673356633	95.81319009476537	118.86195059224643	host	hld	None	None	7.008515972796805
gene-LUU82_11800	5.165383010020266	18.761926894269248	3.4529927872022355	host	nirB	None	None	21.41573229142645
gene-LUU82_11010	4.527405517435014	5.6205986862310136	4.212070885973527	host	feoB	None	None	0.1222447474298504
gene-LUU82_05745	170.50656135230622	219.2092601521242	196.55951589482027	host	mnhF1	None	None	3.7904226246496386
gene-LUU82_00180	20.49252666311574	28.816557639668	25.23488044119195	host	gene-LUU82_00180	None	None	2.2580543832175204
gene-SAM1_00113	431.71266711223916	378.6203621799473	580.0311473105418	phage	gene-SAM1_00113	early	late	20.971993295324665
gene-LUU82_13155	29.081077630072873	44.94706375087211	48.97720299156845	host	gene-LUU82_13155	None	None	2.0971246839110136
gene-LUU82_02615	41.98970394926569	47.70629179992664	40.42694399876328	host	gene-LUU82_02615	None	None	0.43623686417997964
gene-LUU82_07365	127.16318395236492	166.14782574107633	147.0128495515393	host	bshB2	None	None	2.570436960413392
gene-LUU82_04505	196.94262875820138	211.12929666261047	196.97508894215935	host	gene-LUU82_04505	None	None	0.422380143045327
gene-LUU82_02315	195.29900706242302	190.59090357231844	159.53238275337094	host	gene-LUU82_02315	None	None	2.257843450471612
gene-LUU82_00175	93.55819874759466	110.08937885462433	129.54348503600363	host	gene-LUU82_00175	None	None	4.090443816366601
gene-LUU82_07500	3212.5849072540173	3042.4812172038232	2553.722206835435	host	rplA	None	None	42.653721081787594
gene-LUU82_02400	139.3971515870284	147.92194967449302	132.1871839958022	host	yqeK	None	None	0.7495435309858001
gene-LUU82_02935	6.374634225343237	7.261412915950927	6.9030733346390845	host	gene-LUU82_02935	None	None	0.035169070256560346
gene-LUU82_09470	2.5320211825547245	2.443519548937937	2.246596784104035	host	cap8H	None	None	0.024137985712689828
gene-SAM1_00228	1090.4977236524658	539.9044505445185	947.4936375652031	phage	gene-SAM1_00228	early	early	71.93720864309971
gene-LUU82_00770	30.45831350051039	51.694941199666	185.77221763708872	host	gene-LUU82_00770	None	None	53.456855574836545
gene-LUU82_10345	3.5737306086565446	3.799285121768444	4.258620888849794	host	hisA	None	None	0.05434964894484445
gene-LUU82_02480	140.00734861091954	152.4150738740002	141.24621417671074	host	mtaB	None	None	0.7629851052020032
gene-LUU82_04285	1480.146610268542	1677.5619746874254	1552.887615479668	host	gene-LUU82_04285	None	None	18.730976362292097
gene-LUU82_10680	36.318188799082726	43.713532133057534	37.45870504351587	host	gene-LUU82_10680	None	None	0.8210413481218369
gene-LUU82_02620	104.73793990850282	121.00128289319225	98.12073166194983	host	gene-LUU82_02620	None	None	1.5200303228701528
gene-LUU82_02510	51.72803499642714	62.67850049249838	51.85406888675546	host	ybeY	None	None	0.6235739601583784
gene-LUU82_08965	151.7323749049507	184.29453996584598	171.19490041809226	host	tarS	None	None	2.1971874375324116
gene-LUU82_09580	98.08875131228582	81.28175755000088	85.95109179178337	host	gene-LUU82_09580	None	None	1.3796604298941302
gene-LUU82_12810	1.9731216027435459	1.9942368666116759	1.8184062615254362	host	lacC	None	None	0.01532882519143542
gene-LUU82_12805	2.3682278682327174	2.2388351788259366	1.9509184239985082	host	lacB	None	None	0.03368525653616807
gene-LUU82_08320	28.915889433206416	41.93396566175082	40.7594635711501	host	gene-LUU82_08320	None	None	1.9918778677299709
gene-LUU82_10025	29.155156970638142	38.05251021691743	34.86894547449764	host	gene-LUU82_10025	None	None	0.6580983010190694
gene-LUU82_02995	134.48874510738895	179.32093990935823	164.51780945847426	host	rpsA	None	None	3.6096447464620183
gene-SAM1_00209	73.01562963514898	28.184140401126182	122.361244867905	phage	gene-SAM1_00209	early	late	22.42380564967887
gene-SAM1_00131	780.2115812402002	214.3377562030803	329.8770908572046	phage	gene-SAM1_00131	early	early	138.51638785372577
gene-LUU82_09855	4.53603739961422	4.646110038512881	3.654093943100328	host	cstB	None	None	0.06592704750462747
gene-LUU82_06865	12.566458120814834	19.297249288147793	16.173010482448397	host	graR	None	None	0.6020572662329722
gene-LUU82_00280	13.6384623472379	16.05028970660537	15.216891347266886	host	gene-LUU82_00280	None	None	0.19221382493198266
gene-LUU82_05475	52.53791323776136	72.62921637588748	57.88216398602424	host	gene-LUU82_05475	None	None	1.4677668132642328
gene-LUU82_02910	33.94719946829861	41.02094423165693	35.53316915405257	host	srrB	None	None	0.5082962008278783
gene-LUU82_06090	404.7619724593999	503.4011324984706	479.11967559672945	host	gcvH	None	None	5.4223037633360995
gene-LUU82_11235	26.340468496135287	31.416222884105906	26.7509865622152	host	gene-LUU82_11235	None	None	0.2828875178749438
gene-LUU82_12595	5513.340587564919	5244.245477899894	4748.917234540407	host	rpmC	None	None	83.62851589469314
gene-LUU82_00120	1.95728883064181	2.2254506950198256	1.7538489242080377	host	gene-LUU82_00120	None	None	0.05684339117920427
gene-LUU82_10230	12.304126374545497	13.343870427814851	11.94050678980065	host	gene-LUU82_10230	None	None	0.16063911149331564
gene-LUU82_09695	161.58831001623017	201.35131420738696	204.41957475648596	host	sarS	None	None	2.8622847537942055
gene-SAM1_00078	1438.7960572035918	3193.59492894092	3262.1195883011246	phage	gene-SAM1_00078	early	late	294.4083827165518
gene-LUU82_10530	1.895894462623982	2.0533518632298584	1.8271137537664444	host	gene-LUU82_10530	None	None	0.075125413393687
gene-LUU82_05455	88.97190096813365	112.5496587211537	97.30317637960273	host	gene-LUU82_05455	None	None	1.7083955295940414
gene-LUU82_09165	10.839521864705098	12.788700523374013	11.525616419933035	host	gene-LUU82_09165	None	None	0.24995134528536073
gene-LUU82_06925	63.46009011662042	98.56571504831409	62.45117432007071	host	gene-LUU82_06925	None	None	4.522089207816146
gene-LUU82_12450	75.64596954344283	94.78830650542858	85.3070481138181	host	mobA	None	None	1.0830982265903342
gene-LUU82_02805	21.266989852957654	29.46530607860811	26.360054666572797	host	gene-LUU82_02805	None	None	0.6979844022729885
gene-LUU82_11770	41.65086146891887	34.10617626182458	27.88539666980527	host	adcA	None	None	1.1624962524505535
gene-LUU82_06900	8.086567190769578	10.210725437455189	7.537438619967833	host	gene-LUU82_06900	None	None	0.16774521833009035
gene-LUU82_08810	10.521176437718895	16.141193404021646	19.178260895566876	host	essC	None	None	0.9608528029733955
gene-LUU82_00570	111.74654957155325	153.59538306192962	176.32933216857603	host	gene-LUU82_00570	None	None	6.241029065180442
gene-LUU82_09530	2.729399091321002	2.6951114912795338	2.3943400985959005	host	gene-LUU82_09530	None	None	0.02581682455498901
gene-LUU82_00075	2.6595644406008363	2.556135355021023	2.412443433647965	host	gene-LUU82_00075	None	None	0.029528780593334313
gene-LUU82_05140	81.59596046477998	128.5875442044095	92.09801573858992	host	purE	None	None	8.51829618366746
gene-LUU82_10525	6.189366559724462	7.236743125398621	7.393483413090292	host	aur	None	None	0.0798513339447665
gene-LUU82_02850	32.86787911330068	42.31771222644079	39.80012188148181	host	proC	None	None	0.7539698683369749
gene-LUU82_10545	2.0535374555380836	2.674620708819797	2.270712017473904	host	gene-LUU82_10545_gene_argF	None	None	0.03925376148834015
gene-SAM1_00180	303.2232536474216	206.89965197141052	440.65905027969205	phage	gene-SAM1_00180	early	late	33.15239514470902
gene-LUU82_07790	5.454945729761294	4.320659752076199	4.013063269073263	host	gene-LUU82_07790	None	None	0.1769722935430989
gene-LUU82_04115	60.364783952288946	62.91593554175929	56.3012547965296	host	gene-LUU82_04115	None	None	0.4219571517656226
gene-LUU82_07605	4.854390118910136	7.417723027199334	7.511622384739423	host	gene-LUU82_07605	None	None	0.27498443770587877
gene-LUU82_08950	30.229261277540257	35.62742997792639	32.00640480140046	host	gene-LUU82_08950	None	None	0.29694065237375
gene-SAM1_00157	1095.1264451093086	7735.153961616146	9677.072297431523	phage	gene-SAM1_00157	middle	late	2382.844404635158
gene-LUU82_07990	83.7116118535539	105.29798515016824	94.3632135516636	host	gene-LUU82_07990	None	None	1.428704724579343
gene-LUU82_10625	22.20897429404286	30.39646652028797	32.57747657859408	host	gene-LUU82_10625	None	None	0.8120433679138092
gene-LUU82_11765	3.4037767688879197	3.9695980224253957	3.501327246362546	host	gene-LUU82_11765	None	None	0.393123617976752
gene-LUU82_11910	8.258749861968907	8.050276372826014	7.439655177718759	host	gene-LUU82_11910	None	None	0.03924389630608462
gene-LUU82_11905	64.52583463933759	72.81501185690402	68.84220959078483	host	gene-LUU82_11905	None	None	0.4869158490951525
gene-LUU82_10070	139.88505105287177	138.04290785076685	115.3992887590561	host	gene-LUU82_10070	None	None	13.864575046273663
gene-SAM1_00030	345.4876558620966	111.19112435207079	228.89090459405625	phage	gene-SAM1_00030	early	early	41.25263845242778
gene-LUU82_00195	31.798331353407587	50.8321845863749	48.87558017623894	host	pmtB	None	None	1.750067430264228
gene-LUU82_11000	11.634050304359649	11.789675558823674	9.775202010433157	host	farE	None	None	0.4168467487644062
gene-LUU82_08230	21.603114284830653	22.352980235461967	21.494520631813504	host	gene-LUU82_08230	None	None	0.09764597764564258
gene-LUU82_05840	64.16668962778417	85.90612580758331	74.10223087832026	host	gene-LUU82_05840	None	None	1.8240536741409707
gene-LUU82_09515	21.897708177252895	26.08447432143116	21.383183382125523	host	gene-LUU82_09515	None	None	0.2865949630103999
gene-LUU82_07700	78.06521338831134	94.45320580547597	79.62974442734436	host	folK	None	None	1.2411326722985754
gene-LUU82_10855	20.309509282035616	22.7105457725266	20.67061424143542	host	gene-LUU82_10855	None	None	0.35857550211255595
gene-LUU82_11080	26.266253778307217	36.079665069723525	31.233030841748263	host	gene-LUU82_11080	None	None	0.8635646762322778
gene-LUU82_04410	39.83633866312953	48.53165860185513	43.17514125486249	host	gene-LUU82_04410	None	None	0.49216251896561564
gene-LUU82_06885	23.60391316039353	25.11613177264128	22.562754864957217	host	gene-LUU82_06885	None	None	0.23293128738972804
gene-LUU82_08325	40.1766361673677	61.19138590306096	57.32706820490612	host	nfsA	None	None	1.759569525057413
gene-LUU82_12475	12.1277277599672	12.185365370267371	11.402284964273028	host	gene-LUU82_12475	None	None	0.037692883003381354
gene-LUU82_12860	1595.2237808283408	1543.4241390407533	1655.7638932767338	host	gene-LUU82_12860	None	None	31.757502485181938
gene-LUU82_06540	34.67926744739153	49.6416351527184	44.284262964648434	host	gene-LUU82_06540	None	None	1.1610391412778558
gene-LUU82_00730	79.20971929474159	156.39422355948489	489.86101313181143	host	gene-LUU82_00730	None	None	133.81902993266007
gene-LUU82_02795	69.94640698834343	87.86232594991138	77.06770708646162	host	gene-LUU82_02795	None	None	1.0728180618947298
gene-LUU82_07380	13.050290337980442	17.336262920916138	14.696283205893165	host	gene-LUU82_07380	None	None	0.29950755597379214
gene-LUU82_13440	9.918769878252567	11.601543221112683	9.511082042163997	host	gene-LUU82_13440	None	None	0.14704514055576595
gene-LUU82_03165	41.22160965933423	19.957760416423273	8.115429849073353	host	gene-LUU82_03165	None	None	8.433526617563611
gene-LUU82_02385	114.28857735750906	124.62065035378494	109.9947537843692	host	aroE	None	None	1.22814628961137
gene-LUU82_10265	12.653688282006884	14.976364178281884	14.448867817621727	host	pcp	None	None	0.10358208445613049
gene-LUU82_12945	21.746412185644004	21.00213984039794	18.367321908173356	host	lmrS	None	None	0.13466087572517932
gene-LUU82_03950	46.49708446740221	52.675560776082534	46.24558390039531	host	gene-LUU82_03950	None	None	0.3660456121207051
gene-SAM1_00046	1345.283316854588	349.1864725588661	699.672075018848	phage	gene-SAM1_00046	early	early	216.27505843017846
gene-LUU82_05395	107.1858287511396	127.530422141078	102.06674189793888	host	gene-LUU82_05395	None	None	1.3811088996497627
gene-LUU82_12165	108.87803546550133	142.93315771263255	121.74397948448392	host	gene-LUU82_12165	None	None	2.2051059918301683
gene-LUU82_04650	120.26345685375752	153.07100436921914	122.93121908285316	host	gene-LUU82_04650	None	None	3.4147352217311875
gene-LUU82_11175	1.9652797733432557	2.0873362947492526	2.2066640866142353	host	gene-LUU82_11175	None	None	0.021422813737113605
gene-LUU82_02540	33.35083862578359	40.463609158029335	33.51923441736134	host	gene-LUU82_02540	None	None	0.43789894968736165
gene-LUU82_03880	16.76648977343692	18.498705888478572	17.794999380418176	host	gene-LUU82_03880	None	None	0.17400573877892847
gene-LUU82_01675	727.5813202458735	772.0033580487511	692.9242942368801	host	gene-LUU82_01675	None	None	12.0610238506796
gene-LUU82_13210	210.9816424075133	239.7929785461034	193.55296198462568	host	rho	None	None	1.8893282753605125
gene-LUU82_03065	108.08750978004018	116.43684041057143	101.98453824062689	host	gene-LUU82_03065	None	None	0.9113033790190048
gene-LUU82_13860	115.9577091797806	119.0505726857574	107.26288889914701	host	gene-LUU82_13860_gene_ssb	None	None	2.8761450491053218
gene-LUU82_05325	2.4126778467868437	3.28133979909027	2.1882914624742753	host	gene-LUU82_05325	None	None	0.2153828346481651
gene-LUU82_06290	463.4368618366619	678.2279325596028	483.19955081295933	host	clpP	None	None	18.82311324646297
gene-LUU82_02655	1.1353454078630378	1.536893393920323	1.2143069847261816	host	gene-LUU82_02655	None	None	0.06539678287358061
gene-LUU82_02065	102.1928383081394	103.43668135552575	84.31271997748006	host	hemL	None	None	1.6795478378367357
gene-LUU82_09265	13.567232587040351	17.122996429966317	16.735268734335218	host	gene-LUU82_09265	None	None	0.35769643339779766
gene-LUU82_04790	11.244252530528398	25.943120678781455	13.839017605681244	host	srtB	None	None	2.9025501621161673
gene-LUU82_06500	59.725092981275054	61.14069361715125	48.80169796326252	host	gene-LUU82_06500	None	None	0.6340863986910299
gene-LUU82_01855	37.567091377675375	50.55917357853635	39.74643476335783	host	gene-LUU82_01855	None	None	1.2061948637294446
gene-SAM1_00066	827.9837336576364	294.3780908581768	516.613123009522	phage	gene-SAM1_00066	early	early	90.96003309451395
gene-LUU82_08570	2.9665900450349025	3.2679069587984366	2.915040314315128	host	gene-LUU82_08570	None	None	0.027373990230489524
gene-LUU82_10880	16.7516472116498	19.437607157478016	17.00186683879268	host	gene-LUU82_10880	None	None	0.30337159388392804
gene-LUU82_03925	24.19191135349632	28.17338780948521	26.985203342439757	host	miaA	None	None	0.252363794451503
gene-LUU82_02930	2.750835860610861	3.5196587664176424	3.0138225751539096	host	gene-LUU82_02930	None	None	0.03971839621182414
gene-SAM1_00010	651.1918364683947	439.2337876627003	537.0750181046566	phage	gene-SAM1_00010	early	early	16.594019648248867
gene-LUU82_06995	76.43486125662126	157.35522236223508	115.19544299934039	host	gene-LUU82_06995	None	None	14.36161867096129
gene-LUU82_10380	1.1260188698134093	1.2541100221160153	1.1889259673606827	host	pgaC	None	None	0.022610414073884696
gene-LUU82_02830	6.575304738921969	8.305248320517192	7.000114245835502	host	gene-LUU82_02830	None	None	0.13349827942126077
gene-SAM1_00196	522.467140688435	199.69465314656784	368.27041293473235	phage	gene-SAM1_00196	early	early	49.744400448195854
gene-LUU82_10030	51.94301787351986	59.09961584643455	62.43842227762587	host	rlmH	None	None	0.8302346611732452
gene-LUU82_11105	21.557425269431903	15.183662970724816	11.08042364220325	host	sdaAB	None	None	1.2156916373530677
gene-LUU82_08550	13.795266588986232	20.368088258684082	16.83046178486163	host	glpT	None	None	0.5012477028304528
gene-LUU82_05585	6.685421012283264	8.382053436300357	6.647073158598228	host	gene-LUU82_05585	None	None	0.15708028589331433
gene-LUU82_03860	3.2645688756346085	4.57242031295236	4.346773424513509	host	gene-LUU82_03860	None	None	0.14956814168997393
gene-LUU82_13775	66.62759676824861	97.78612173512693	79.90939483468632	host	gene-LUU82_13775	None	None	2.3482779643947262
gene-LUU82_00845	23.7713448460993	27.936184570829884	30.971727920976264	host	mutY	None	None	0.4525092410736506
gene-LUU82_03805	4.0132838905813015	4.412576269496928	4.31525814038043	host	gene-LUU82_03805	None	None	0.07675391167730823
gene-LUU82_06285	39.81963079584265	42.690183016599356	38.10834457769666	host	gene-LUU82_06285	None	None	0.3848054018856368
gene-LUU82_12650	3909.463776339731	3745.9862276438475	3392.907916596183	host	rplO	None	None	37.02755589160778
gene-LUU82_06910	3.4582822299948432	5.146546188644954	3.902616178888722	host	dhaK	None	None	0.1981817295220836
gene-LUU82_10195	8.826538414089041	10.697844835733413	6.758838329699248	host	gene-LUU82_10195	None	None	0.444415422056142
gene-LUU82_01215	2047.9150618474714	1944.5444250527355	1849.5487971136708	host	gene-LUU82_01215	None	None	71.34597123717087
gene-LUU82_05450	47.91386731142406	56.28210708588645	50.71997718839375	host	gene-LUU82_05450	None	None	0.6601268360638093
gene-LUU82_05305	1.8410355573351131	2.1439564769926207	1.801846798782899	host	gene-LUU82_05305	None	None	0.04580793511287342
gene-SAM1_00026	417.9273433599648	127.27196903485503	203.88082725526692	phage	gene-SAM1_00026	early	early	61.279446060814344
gene-LUU82_12505	232.7494894753388	265.27604144853956	234.62276331349463	host	gene-LUU82_12505	None	None	1.9868623756193813
gene-SAM1_00125	1346.4247688322068	374.7231562203974	379.23518452789745	phage	gene-SAM1_00125	early	early	306.70428404299213
gene-LUU82_02600	69.46253047134864	78.61331215644071	66.79597502882868	host	gene-LUU82_02600	None	None	0.6253736296606223
gene-LUU82_08035	51.018853179404495	66.54625251060423	58.726247708659876	host	gene-LUU82_08035	None	None	1.4827256704344802
gene-LUU82_10300	4.006698176747804	4.670688898174199	3.9205767081244596	host	gene-LUU82_10300	None	None	0.07526668875736467
gene-LUU82_11600	18.42350702891296	14.638040892365874	11.986741475123146	host	gene-LUU82_11600	None	None	0.782790798861846
gene-LUU82_03010	4206.796375357229	4833.622584726799	4583.980669026107	host	gene-LUU82_03010	None	None	72.0202836768858
gene-LUU82_09680	63.810740799142174	155.6054587456761	81.92981711223943	host	sirA	None	None	18.120853084123183
gene-LUU82_08845	36.5568349090542	68.79994308866605	88.07860342424239	host	gene-LUU82_08845	None	None	7.048274713205535
gene-LUU82_10960	8.46234287106377	11.624973633430358	12.114012164343391	host	gene-LUU82_10960	None	None	0.3592232294157875
gene-LUU82_12985	960.7727854465214	961.3808039519139	824.9350607195893	host	gene-LUU82_12985	None	None	22.386050249206562
gene-LUU82_07370	133.9953305532894	173.5963370089601	154.11115678935036	host	folE2	None	None	2.7656434222092923
gene-LUU82_12270	55.997786198870614	67.80838993537174	63.373176292751005	host	gene-LUU82_12270	None	None	0.6365451950638211
gene-LUU82_00815	56.552406602167196	60.87079515698672	82.60910884125022	host	sgtB	None	None	2.1403676541834598
gene-LUU82_00470	146.88542128143524	144.25662357674193	149.7000949577546	host	gene-LUU82_00470	None	None	1.7020816198782973
gene-LUU82_00720	69.73170170264245	138.25983176812989	414.97059802230615	host	gene-LUU82_00720	None	None	108.04836774795784
gene-LUU82_07005	67.65196823028144	141.22450254726036	101.35899139332984	host	gene-LUU82_07005	None	None	12.747142901159824
gene-LUU82_09975	2.7862627742029495	2.775432068758746	2.488825608237834	host	gene-LUU82_09975	None	None	0.02694908532579769
gene-LUU82_01950	46.68586215598808	64.9441745204585	59.35974546148041	host	mutM	None	None	1.4109479007927461
gene-LUU82_04980	1264.7825923132973	1389.8255630206465	1404.4431270784962	host	gene-LUU82_04980_gene_lpdA	None	None	15.057006934332831
gene-LUU82_05445	34.350532897178354	40.054662256407845	34.96506140693214	host	mgtE	None	None	0.47664658455190634
gene-LUU82_06200	31.46974278843416	26.17649512741338	21.505509316639642	host	gene-LUU82_06200	None	None	0.9439616488170953
gene-LUU82_08015	24.633569034808975	49.496891948225226	41.79054721174622	host	gene-LUU82_08015	None	None	3.5944217529948106
gene-LUU82_10435	7.4801462826027425	9.203105873930866	8.91318039595488	host	gene-LUU82_10435	None	None	0.16636212767915087
gene-LUU82_06250	1091.3620368822856	1562.0679488445355	1345.6056813014304	host	eno	None	None	46.13773721926468
gene-LUU82_11190	3.0333825323145085	5.447585287399335	3.8868234178658194	host	gene-LUU82_11190	None	None	0.34301498460962
gene-LUU82_04040	63.71744570894172	71.38014163969645	64.74322846514615	host	gene-LUU82_04040	None	None	0.5244949646747901
gene-LUU82_11035	47.22765415908597	55.30464377055589	48.93836828621806	host	gene-LUU82_11035	None	None	0.3924454510610922
gene-LUU82_11965	10.219714788582985	11.050836927235906	10.1130269723569	host	gene-LUU82_11965	None	None	0.09851817599277944
gene-LUU82_08940	26.42250992486454	23.29508366630373	21.16344310738933	host	lrgB	None	None	0.4649961257401657
gene-LUU82_08830	13.953633557066965	21.047637805492524	21.991635001245527	host	esaA	None	None	0.7831649033957852
gene-LUU82_12435	58.97305848097159	70.69928331066947	65.55519815849841	host	mobB	None	None	1.3179455703761114
gene-LUU82_03895	1040.9998441274988	784.320668571569	594.4894208436407	host	glnA	None	None	60.96836689603443
gene-LUU82_05735	138.46335074623457	173.5315707409352	161.5217647192321	host	mnhD1	None	None	3.6485740758295306
gene-LUU82_06230	117.37487708915933	129.39717721635506	113.22073065732059	host	rnr	None	None	0.6805547518656374
gene-LUU82_12535	23.87280061616042	29.59461547776787	25.924646288757202	host	gene-LUU82_12535	None	None	0.36833430663625844
gene-LUU82_13955	11.018389850377275	11.897397285400004	10.044863398070355	host	gene-LUU82_13955	None	None	0.08132611888207969
gene-LUU82_02710	49.112692739782375	63.00727760573596	50.50889692305024	host	gene-LUU82_02710	None	None	0.9230090214586858
gene-LUU82_06855	24.50588849086195	35.69856146687641	27.119583068577768	host	vraF	None	None	0.8231238733979673
gene-LUU82_13165	81.24296526276319	83.07975964442392	62.34249376285897	host	coaW	None	None	1.2991438865774714
gene-LUU82_13960	32.49499070629758	40.333734023168	35.347640741933624	host	gene-LUU82_13960	None	None	0.8170100128916488
gene-SAM1_00092	6357.365613064024	6838.444081331488	6724.3760857230845	phage	gene-SAM1_00092	early	middle	61.51362079628894
gene-SAM1_00205	177.87522774206116	64.50414370568888	233.33265288933276	phage	gene-SAM1_00205	early	late	36.709814438112424
gene-LUU82_12520	130.65296534985865	217.2011008836112	202.7951510129	host	gene-LUU82_12520	None	None	8.634602784164302
gene-LUU82_03525	0.6341223073423516	0.9112386114794582	0.958154574153203	host	trpC	None	None	0.0759565417770818
gene-LUU82_06960	32.99952919419228	42.06914158990372	34.337251689853616	host	gene-LUU82_06960	None	None	0.6828254943640112
gene-LUU82_05210	9.273318587219336	11.42266223474527	11.2699850305006	host	gene-LUU82_05210	None	None	0.18230809679865276
gene-LUU82_00755	29.827849669171826	51.36173974386315	186.05896311018225	host	gene-LUU82_00755	None	None	54.294444138781515
gene-LUU82_06435	173.72176458040076	182.81414977149777	157.45568546833007	host	ytxJ	None	None	2.0676244970033055
gene-LUU82_10320	2.217859277677576	2.320714438158277	2.340341303600292	host	hisG	None	None	0.050234399201958255
gene-LUU82_11205	18.54850683556376	28.836410853618926	23.9113211611359	host	gene-LUU82_11205	None	None	0.8140518907654418
gene-LUU82_00760	36.29233739568474	60.68877775429394	216.69685147932213	host	gene-LUU82_00760	None	None	61.57796556475494
gene-LUU82_11615	36.40469837400594	35.43546051937824	31.98034777893651	host	gene-LUU82_11615	None	None	0.5871179146751301
gene-LUU82_13125	159.2309136634121	260.9955403270697	225.45782816794795	host	gene-LUU82_13125_gene_deoD	None	None	9.29374161714233
gene-LUU82_12830	4.00732902539872	4.630733690658992	4.024672411241366	host	lacG	None	None	0.04594843536250427
gene-LUU82_13590	59.119023445559456	65.64819578792851	53.84781745752556	host	tsaE	None	None	0.4374661638505971
gene-LUU82_00290	30.83444544270581	39.50358682505997	30.043972525355922	host	gene-LUU82_00290	None	None	0.8159627717320426
gene-SAM1_00183	542.0079744331584	353.31790259921894	777.5474072906287	phage	gene-SAM1_00183	early	late	61.33603441961695
gene-LUU82_10575	64.21843310462368	85.8203468451203	74.65004577211403	host	gene-LUU82_10575	None	None	1.658221614424739
gene-LUU82_08745	12.537020714050266	15.042990371725056	12.868389656179446	host	gene-LUU82_08745	None	None	0.2497693379718028
gene-LUU82_07665	1725.4106292699278	1675.9249248362357	1504.2517865795764	host	gene-LUU82_07665	None	None	72.53838370071828
gene-LUU82_00900	3228.6814918852688	3738.108614542188	3510.331980702476	host	gene-LUU82_00900	None	None	48.04255900039186
gene-LUU82_12300	165.48001409820282	177.59667855125394	165.6274511704788	host	gene-LUU82_12300	None	None	9.124620206516804
gene-SAM1_00154	1570.9449417931107	551.3606931882887	470.63297593987477	phage	gene-SAM1_00154	early	early	294.9717065906695
gene-LUU82_08805	22.829040059402136	34.14802527302422	37.73753620818525	host	gene-LUU82_08805	None	None	1.555717288361005
gene-LUU82_01565	97.7552974032866	108.77874889741155	98.73429649568958	host	gene-LUU82_01565	None	None	0.4040791090471208
gene-LUU82_03665	197.3762472835807	271.95191959227884	254.47158163765252	host	tkt	None	None	5.624426059277913
gene-LUU82_09550	4.942836791786989	5.5376993046479654	5.138253476055837	host	gene-LUU82_09550_gene_phnE	None	None	0.08733729524266959
gene-LUU82_03510	4.526030539421186	4.934810602641012	4.634556150527639	host	trpA	None	None	0.04025369588347142
gene-LUU82_02675	27.533321218834	33.73268614436211	32.54878395829343	host	gene-LUU82_02675	None	None	0.3814980732619031
gene-LUU82_02185	167.66675113819352	180.35127277760208	164.64233928123147	host	secDF	None	None	0.5636880827720283
gene-LUU82_08540	8.434487052781792	8.456826198362831	8.688195882624495	host	gene-LUU82_08540	None	None	0.10031839121359867
gene-LUU82_01895	133.19619140639665	154.3752351349092	129.94444198891065	host	accD	None	None	1.56424349803686
gene-LUU82_05350	34.17017467942023	32.598321499838875	46.34097805746806	host	gene-LUU82_05350	None	None	2.213752206693018
gene-SAM1_00083	782.7630504119298	466.0536381870939	389.1846712000797	phage	gene-SAM1_00083	early	early	56.88102107042989
gene-LUU82_00355	99.03458115622009	120.20463541149707	107.63319168914403	host	gene-LUU82_00355	None	None	0.9965444334651175
gene-LUU82_07695	398.956564318069	436.6876620968801	391.98328836034005	host	gene-LUU82_07695	None	None	2.27526778645525
gene-LUU82_00965	368.35127049705017	519.2341792035778	514.7239357089292	host	gene-LUU82_00965	None	None	31.896895799640216
gene-SAM1_00124	1613.6662531334812	478.8042012784438	573.6355075024694	phage	gene-SAM1_00124	early	early	310.679088488842
gene-LUU82_08020	17.545224500254545	31.80768483352537	28.2163484286615	host	gene-LUU82_08020	None	None	1.5380418173124637
gene-LUU82_12125	4.296930523462936	4.606626696149388	3.8629938916856914	host	fosB	None	None	0.08668454199551644
gene-LUU82_04400	301.18279765379003	355.083873896748	296.70196582214675	host	gmk	None	None	3.45607443593104
gene-LUU82_06080	36.59069181507132	53.83215933699868	41.48891122225249	host	gene-LUU82_06080	None	None	4.997229325635502
gene-LUU82_12020	46.84897674874093	60.735308567170044	50.31881590465698	host	gene-LUU82_12020	None	None	0.9039544201270779
gene-LUU82_01535	24.24471763902984	28.758464543940764	27.377769048769938	host	ribE	None	None	0.34627263036597977
gene-LUU82_01845	66.30269285489341	95.45038471167989	85.55434569191965	host	gene-LUU82_01845	None	None	3.108825961409281
gene-SAM1_00081	1837.9085989652297	1425.146279954223	1284.1562957485287	phage	gene-SAM1_00081	early	early	51.696155531403456
gene-LUU82_10955	8.969102910098838	12.208270002229902	12.718163240412608	host	gene-LUU82_10955	None	None	0.4865332621061764
gene-LUU82_05670	168.80843409882283	260.5878867206358	226.1327609399531	host	gene-LUU82_05670	None	None	7.78400183800638
gene-LUU82_05405	59.296922271218534	75.1314996884102	58.84078542102194	host	gene-LUU82_05405	None	None	0.9778928612801143
gene-LUU82_11510	17.2330823929974	17.59018754295754	15.696180599041591	host	gene-LUU82_11510	None	None	0.14552277183454473
gene-LUU82_10255	89.26635284963838	139.22518608331038	175.10204498197572	host	gene-LUU82_10255	None	None	13.619050502558782
gene-LUU82_06535	38.15470838633122	54.98788701387485	50.69047994172175	host	gene-LUU82_06535	None	None	1.560617686595113
gene-LUU82_12575	6232.077521684939	5687.394589750652	5272.538667720547	host	rpsS	None	None	178.43410418182796
gene-SAM1_00004	178.78316641779952	69.47110823093247	244.78314494710116	phage	gene-SAM1_00004	early	late	35.98195007454899
gene-LUU82_09655	3.117612372124204	5.174308566689293	3.7879910854456647	host	sbnE	None	None	0.23775985818237186
gene-LUU82_11730	415.0723190972304	630.998438719167	604.1734403294289	host	gene-LUU82_11730	None	None	20.353450331299317
gene-LUU82_00655	192.08841231119754	264.65172025638356	308.48606294016173	host	gene-LUU82_00655	None	None	11.533674179865722
gene-LUU82_13790	161.8075505613627	170.7934113131453	139.7967275514449	host	gene-LUU82_13790	None	None	4.160743102254703
gene-LUU82_03700	53.24086851316372	40.45612141609467	30.642146527211708	host	rpsN	None	None	2.2482594643057636
gene-LUU82_06335	94.7228253968464	97.00727656321891	77.07297829537512	host	uvrA	None	None	1.5957555169397026
gene-LUU82_12345	6.840116923304652	9.065348146224402	9.492176163629864	host	ureE	None	None	0.2381418293531556
gene-LUU82_13005	16.52938368967791	14.698743670594714	11.395515517114113	host	rocF	None	None	0.5316126095127601
gene-SAM1_00047	701.958300840833	202.84525656519475	405.8984956607789	phage	gene-SAM1_00047	early	early	98.43792897564762
gene-LUU82_07030	34.90273410170136	29.822165280819558	32.30183082073358	host	mnhD2	None	None	0.3473600737317926
gene-LUU82_02485	3079.485619234725	3071.6053158960917	2658.6973537109416	host	rpsU	None	None	105.53280989787449
gene-LUU82_13730	0.8907099927944137	1.9710960739327714	1.8023693639045228	host	gene-LUU82_13730	None	None	0.24716355397996884
gene-LUU82_11450	12.602168263178314	19.10261877101208	11.98989945899451	host	gene-LUU82_11450	None	None	0.967825442209159
gene-LUU82_08790	69.45538191743574	75.81138945775629	72.35336599685034	host	gene-LUU82_08790	None	None	0.5170117358284573
gene-LUU82_13670	91.8981432055889	112.43760989182782	113.26265697219203	host	gene-LUU82_13670	None	None	1.6608479503049407
gene-LUU82_06455	119.00569333173134	126.22546421047842	104.85051152304123	host	gene-LUU82_06455	None	None	1.0548717368905203
gene-LUU82_04450	8.312818672932382	14.454122349013916	6.5962240077044365	host	gene-LUU82_04450	None	None	4.866534030960284
gene-LUU82_05255	57.88706057538365	67.41143070370056	53.710701612285085	host	gene-LUU82_05255	None	None	0.8809373553269517
gene-LUU82_08155	2.1386357317694373	2.6594675151907565	1.9708761905456316	host	gene-LUU82_08155	None	None	0.11808234518632503
gene-LUU82_03810	13.592907486955474	15.27225204553079	15.103739459429141	host	gene-LUU82_03810	None	None	0.192975491404834
gene-LUU82_08100	4.909032263714302	5.434969065634351	4.185760891370282	host	gene-LUU82_08100	None	None	0.18467936069027477
gene-LUU82_02490	267.72283997882647	311.9406479712471	291.625378061842	host	gene-LUU82_02490	None	None	2.2510572818243477
gene-LUU82_04860	33.563761884684574	37.91050046254808	34.000154699280436	host	gene-LUU82_04860	None	None	0.35270427948888566
gene-LUU82_10605	11.111686371099138	10.965642167103818	9.520724342712095	host	gene-LUU82_10605	None	None	0.1289839259138083
gene-LUU82_12170	16.606148873030335	20.433290759008102	18.665712233814975	host	gene-LUU82_12170	None	None	0.19322439447104225
gene-LUU82_13065	45.82706168633772	42.69009369666508	28.057261330610803	host	gene-LUU82_13065	None	None	1.5861389564731276
gene-LUU82_00715	100.03000611373166	192.4620215244726	574.9654681309033	host	gene-LUU82_00715	None	None	148.8812744682327
gene-LUU82_09630	5.394580673248005	8.627857509068189	9.082282327623444	host	gene-LUU82_09630	None	None	0.47130466026476514
gene-LUU82_00510	153.9978388293712	195.58271421905843	181.33825405944788	host	gene-LUU82_00510	None	None	2.273156674033267
gene-LUU82_13650	8.54933044977597	11.884845343475442	9.097783503094169	host	gene-LUU82_13650	None	None	0.27788465264444484
gene-LUU82_00980	853.6009636222967	1036.4884424176525	962.9753373025063	host	gene-LUU82_00980	None	None	67.57646438723602
gene-LUU82_03205	13.338318441476199	13.100311474186212	10.00959006398063	host	gene-LUU82_03205	None	None	0.2400537620440097
gene-LUU82_11100	26.08165333287434	18.521570121797623	13.898718593936545	host	gene-LUU82_11100	None	None	1.3329424892210602
gene-LUU82_11185	42.85531966530383	48.730234923941055	43.85460793205908	host	gene-LUU82_11185	None	None	0.21850198625812903
gene-LUU82_13365	471.09746859566843	515.569917781135	432.5139843961693	host	yidC	None	None	3.1645079006966337
gene-LUU82_04420	24.26954948368918	23.21620783600352	18.181865279963088	host	pyrE	None	None	1.2688806119714846
gene-LUU82_04995	1218.432806533194	1309.4324183096007	1315.6669056791068	host	pdhA	None	None	20.956995166487445
gene-SAM1_00213	21.88725466423733	8.351032798550674	22.742157733751128	phage	gene-SAM1_00213	early	late	2.5916020282232135
gene-LUU82_08655	3.4403884193294014	4.350630187890061	3.6061793987002755	host	gene-LUU82_08655	None	None	0.11577188157650281
gene-LUU82_01445	152.78290724165797	185.05175212481777	160.38593173111212	host	gene-LUU82_01445	None	None	2.4273890604864796
gene-LUU82_04935	24.31850901484157	30.797281083770645	28.551868781605943	host	gene-LUU82_04935	None	None	0.35637737129644326
gene-LUU82_07505	4400.030142249884	4237.8753789871325	3621.895676654	host	rplK	None	None	39.015948543578425
gene-LUU82_12760	5.79856484616241	8.686647587433917	7.747924457227736	host	gene-LUU82_12760	None	None	0.26673974129661143
gene-LUU82_11120	40.29658977078771	38.45619657257648	31.95350865425283	host	gene-LUU82_11120	None	None	0.44582635280437993
gene-LUU82_10115	99.23468044404069	129.06283422180408	104.73536380551859	host	serS	None	None	1.695798315467925
gene-LUU82_04630	2.3068560801924805	2.308270367350071	2.3084518534106455	host	gene-LUU82_04630	None	None	0.021156101648775405
gene-LUU82_09410	9.944937737794506	11.447132157547474	10.706384337765508	host	gene-LUU82_09410	None	None	0.12327752756077054
gene-LUU82_01485	43.007825557202494	50.41748361104197	46.79373950786529	host	gene-LUU82_01485	None	None	0.2815500629136729
gene-LUU82_03090	30.64806183380702	38.77166586901231	31.864467909704587	host	gene-LUU82_03090	None	None	0.48895360370127827
gene-LUU82_13965	25.06588644785653	30.28425770483699	25.085956095155638	host	gene-LUU82_13965	None	None	0.5651195924614311
gene-LUU82_05620	323.85207868351534	455.6417126556985	362.88493094837236	host	gene-LUU82_05620	None	None	10.119057614819484
gene-LUU82_04580	10.403964098441804	8.450500314954112	9.437946790929317	host	gene-LUU82_04580	None	None	0.2217650632484
gene-LUU82_08235	10.431636746173679	9.639990930817154	9.306882157985434	host	gene-LUU82_08235	None	None	0.16761835798843513
gene-LUU82_05650	17.11343949410564	21.681669784319407	19.31759288848313	host	addB	None	None	0.28641289512120266
gene-LUU82_01685	6.779389624359908	10.85553606134845	9.191247817319281	host	gene-LUU82_01685	None	None	0.921213798344422
gene-LUU82_03085	25.576015090418334	32.69796783233789	27.14040430755305	host	gene-LUU82_03085	None	None	0.482053604700912
gene-LUU82_03840	1.0803584371787225	0.9148173746011423	1.0360421267801732	host	gene-LUU82_03840	None	None	0.06294262176990026
gene-LUU82_02720	461.2993166139577	538.6933666642594	475.5562726731953	host	efp	None	None	8.004641906360925
gene-LUU82_04020	86.0433317627606	100.63121337447825	84.63479685970744	host	pgsA	None	None	1.2319989139169065
gene-LUU82_08395	5.840334600396628	6.065689879919412	5.201088985494227	host	gene-LUU82_08395	None	None	0.0353669706149211
gene-LUU82_13900	187.86356328540487	199.9106084256879	169.61376215473265	host	gene-LUU82_13900	None	None	5.5780644341007415
gene-SAM1_00084	1883.237962250582	1040.432263311229	898.3290167509359	phage	gene-SAM1_00084	early	early	162.11146422876791
gene-LUU82_05875	34.62059472724267	43.39157073785926	37.5674324332617	host	gene-LUU82_05875	None	None	0.6823428329761027
gene-LUU82_08315	3.907720533540044	4.113191018041328	3.530007769300473	host	gene-LUU82_08315	None	None	0.10624748158132329
gene-LUU82_12130	4.022638432936044	4.823078749724829	4.529684614710306	host	gene-LUU82_12130	None	None	0.08967163082113909
gene-LUU82_00210	92.58965727961157	153.40716424501923	156.2323453814197	host	gene-LUU82_00210	None	None	8.670225439538193
gene-LUU82_04845	48.67411583109298	57.03334079632939	44.757252314875906	host	rsmD	None	None	0.9392141260898063
gene-LUU82_10930	13.17809326904746	11.955130066997183	11.054658825926452	host	crtO	None	None	0.14126278899438455
gene-SAM1_00152	2254.8202037762753	783.0108557096969	715.2654681653654	phage	gene-SAM1_00152	early	early	412.04651008715695
gene-LUU82_01610	212.7888330751699	226.11575690065231	218.15657358098892	host	gene-LUU82_01610	None	None	1.548459195309397
gene-SAM1_00188	627.5977447187851	289.5824373944361	733.5586002456465	phage	gene-SAM1_00188	early	late	72.95909467614649
gene-LUU82_03370	4.656371012897008	5.934411706415862	4.76283578858943	host	msaC	None	None	0.19968426075201162
gene-LUU82_00665	35.86473676879073	61.14169414189127	113.94807325223793	host	gene-LUU82_00665	None	None	15.678960988018044
gene-LUU82_11370	55.359900317392125	75.95928199153576	69.38555036217224	host	gene-LUU82_11370	None	None	1.3956378934794833
gene-LUU82_07860	62.95222720431801	77.65276544750618	65.27417354168443	host	gene-LUU82_07860	None	None	0.737005046553923
gene-LUU82_03980	13.856336687950495	15.620642398980246	15.740195981774823	host	gene-LUU82_03980	None	None	0.18642919729048968
gene-LUU82_12565	5557.343425779219	4849.307721165485	4298.728415201075	host	rplW	None	None	128.2010689987796
gene-LUU82_11735	13.034503109286353	16.117649509422716	18.218838853591055	host	fmhA	None	None	0.36860140862066837
gene-LUU82_12075	17.31896258060553	21.98212254092285	20.812234755867667	host	gene-LUU82_12075	None	None	0.26155715084971654
gene-LUU82_04095	146.96041116601793	140.9276259794203	108.51482879950758	host	gene-LUU82_04095	None	None	2.620562616816615
gene-LUU82_10770	119.85419238609207	139.89915853151967	126.4887126607892	host	gene-LUU82_10770	None	None	1.7644479026008468
gene-LUU82_06915	51.54370570814399	72.33548036297194	50.4669135787006	host	gene-LUU82_06915	None	None	2.069263424260941
gene-LUU82_10110	18.002553612516916	20.922125461221622	20.981037870290383	host	gene-LUU82_10110	None	None	0.28060652170376754
gene-LUU82_00050	4.988488902864865	4.991849755700668	4.598877417832335	host	gene-LUU82_00050	None	None	0.04476380445535451
gene-LUU82_12620	7118.224506521877	6681.516574349399	6194.526109962381	host	gene-LUU82_12620	None	None	139.83301572292177
gene-LUU82_07565	49.965822623053874	63.51017944133679	52.30013579079061	host	radA	None	None	0.831909297705675
gene-LUU82_07910	482.0664857424143	675.1809183540887	588.6779213439554	host	gene-LUU82_07910	None	None	15.41977686093839
gene-LUU82_08415	195.4400587591134	184.31043506662286	174.81203555630546	host	gene-LUU82_08415	None	None	0.8693718607657375
gene-SAM1_00150	2865.84458044558	902.0414325928923	991.6952562642597	phage	gene-SAM1_00150	early	early	526.1021932069841
gene-LUU82_00565	111.55655950323266	154.29981020637862	183.4318521121604	host	gene-LUU82_00565	None	None	7.684528616987194
gene-LUU82_03585	75.68406184877645	97.17998062468529	84.72101732562766	host	gene-LUU82_03585	None	None	1.8247804363803277
gene-LUU82_04435	18.923798072446946	21.445676614412537	15.62214446704805	host	gene-LUU82_04435	None	None	2.0486583837067647
gene-LUU82_03835	0.8996469201991606	0.9267077819685591	0.7863242062317184	host	gene-LUU82_03835	None	None	0.08151171274721486
gene-LUU82_01470	73.79478566978555	130.28166340867244	129.78584972344314	host	gene-LUU82_01470	None	None	6.943078306159074
gene-LUU82_01280	4.38035034086792	4.522556381541072	3.858241556579897	host	gene-LUU82_01280	None	None	0.06798207275466242
gene-SAM1_00128	382.87071440720314	127.60667553933955	239.98828949615287	phage	gene-SAM1_00128	early	early	44.857103398778484
gene-LUU82_05940	15.016019241635282	16.869446218121073	14.695745474400306	host	gene-LUU82_05940	None	None	0.15524036639537195
gene-LUU82_07710	22.40200250933945	28.320958185995362	25.87880353903792	host	folP	None	None	0.3750403979490142
gene-LUU82_09800	1.3973558740755199	1.988947538739905	2.330089944655995	host	gene-LUU82_09800	None	None	0.09211969751388785
gene-LUU82_07385	5.280775020298402	5.183602616930387	5.050284868032866	host	sdrC	None	None	0.11597035188300753
gene-LUU82_12850	62.67733814094712	65.64071093435739	76.14805858255386	host	gene-LUU82_12850	None	None	1.5179232369509323
gene-SAM1_00090	1262.6546722263577	934.1087806465599	920.023095226503	phage	gene-SAM1_00090	early	early	34.71655011918921
gene-LUU82_11940	15.809386411528328	24.843571627977866	19.69990596856866	host	gene-LUU82_11940	None	None	0.908512862653692
gene-LUU82_08665	1.9897918366482727	2.273247100904724	1.973295257350701	host	gene-LUU82_08665	None	None	0.02722893623967029
gene-LUU82_07035	35.033869520567706	30.259343771910626	32.36889453209068	host	mnhC2	None	None	0.4096641375501705
gene-LUU82_00820	15.672928673463417	23.898895105448087	34.76629639460195	host	recX	None	None	2.5239175942882963
gene-LUU82_05285	3.795930153670153	5.876325886560564	3.6968281654869593	host	gene-LUU82_05285	None	None	0.6496849766512615
gene-LUU82_06520	34.29747087341712	35.81555149723943	38.23650309697984	host	gene-LUU82_06520	None	None	0.3415370387951918
gene-LUU82_13025	2.262499889072458	3.1319146000162217	3.4004128992385483	host	fmtB	None	None	0.1064698777663369
gene-LUU82_06425	62.112399129275474	73.48050486784103	62.67786448577548	host	pepT	None	None	0.7693080496994502
gene-LUU82_00650	149.45281356756615	205.0306917943669	223.59527979117323	host	gene-LUU82_00650	None	None	7.600537669114657
gene-LUU82_00260	20.181281712482985	28.941413453987437	23.620308966444593	host	gene-LUU82_00260	None	None	0.5940207411728706
gene-LUU82_00620	104.34562887596867	150.55867585979053	171.96040340783102	host	gene-LUU82_00620	None	None	6.7359858424734735
gene-LUU82_11970	9.709466230046305	9.75255164523795	9.16468558911946	host	gene-LUU82_11970	None	None	0.04492266484041068
gene-LUU82_13695	15.344726826534242	21.149162994809032	17.3507274186877	host	gene-LUU82_13695	None	None	0.4437669480016388
gene-LUU82_06130	12.848078821026514	16.276464104616803	13.094177525833151	host	gene-LUU82_06130	None	None	0.24331459614834
gene-LUU82_12360	1.8507061914184446	2.5788331478714723	3.116889883337412	host	gene-LUU82_12360	None	None	0.18183635897982706
gene-LUU82_13385	62.76163473078926	61.92310232374492	48.57527072180372	host	gene-LUU82_13385	None	None	0.9306238587598237
gene-SAM1_00107	4228.598324404092	2237.100423766671	2527.32533971394	phage	gene-SAM1_00107	early	early	301.95293414486406
gene-LUU82_05675	5.589331190392733	17.02428791435071	7.200858951472585	host	gene-LUU82_05675	None	None	8.8712839993717
gene-LUU82_10690	6.9387570891856285	7.911897924180857	7.097987103611697	host	betB	None	None	0.10296309281774386
gene-LUU82_12110	33.20719029554425	37.14434104682718	31.889200164476886	host	gene-LUU82_12110	None	None	0.5650950132809192
gene-LUU82_02560	65.26965104472498	66.69092470624385	60.32527704490101	host	gene-LUU82_02560	None	None	0.32378585628266254
gene-LUU82_02195	126.40784955107051	132.22962596072554	106.9740376378253	host	gene-LUU82_02195	None	None	1.3417456090993127
gene-LUU82_07670	647.8497495342216	681.3675249882949	553.5615105260728	host	gene-LUU82_07670	None	None	53.73280758126762
gene-LUU82_01335	4.434648910706788	7.018621971554386	6.418826881573584	host	gene-LUU82_01335	None	None	0.2846869442361228
gene-LUU82_05945	17.08952878182131	17.339436677185237	16.602590967407217	host	gene-LUU82_05945	None	None	0.10470525392137182
gene-LUU82_13180	201.91115878899836	190.10946272353775	154.2804472139706	host	gene-LUU82_13180	None	None	2.539596120935869
gene-SAM1_00077	1419.5100277805795	3392.6318765647234	3436.68083767763	phage	gene-SAM1_00077	early	late	343.7765660053683
gene-LUU82_00585	101.44484161294078	137.28664972358465	159.07374756250786	host	gene-LUU82_00585	None	None	5.984251391484361
gene-LUU82_09305	249.24082287523427	295.6791622228692	225.92060275821197	host	ptsG	None	None	6.007298464819764
gene-SAM1_00186	427.92029431919474	231.16952901251761	600.8130884081661	phage	gene-SAM1_00186	early	late	58.52186593897008
gene-LUU82_09175	2.0955668051346428	1.879712067380413	1.5600411809710562	host	uhpT	None	None	0.03351458737686596
gene-LUU82_01595	23.84876621626825	27.688656592833482	23.58401799798823	host	gene-LUU82_01595	None	None	0.2585336982614114
gene-LUU82_11380	10.930627014339706	13.77131994185133	12.35402424777097	host	gene-LUU82_11380	None	None	0.1362892360688324
gene-LUU82_00110	1737.667255766369	2146.8117873049655	2147.784798254597	host	gene-LUU82_00110	None	None	83.37802363528094
gene-LUU82_04520	481.8779261267485	521.7477485945714	474.0032573967232	host	ftsA	None	None	3.396426801931006
gene-LUU82_06860	19.77663169727233	28.30253223546431	24.394409760941425	host	graS	None	None	0.6588224854874066
gene-LUU82_10100	9.537310246502543	9.40424615067704	8.344418406428	host	gene-LUU82_10100	None	None	0.049130512347218665
gene-LUU82_13620	5.691919589835179	5.370770886698208	4.0814013544984435	host	gene-LUU82_13620	None	None	0.18636323312951417
gene-LUU82_09100	0.5518572049556828	0.5424070705247833	0.5042431532726909	host	gene-LUU82_09100	None	None	0.012832612582293314
gene-LUU82_00445	94.46722601303095	130.18549467459533	108.66952498924555	host	map	None	None	2.058467376225185
gene-LUU82_11425	3.491044795442902	3.855560384419482	2.540315992867233	host	cntL	None	None	0.1093390410936012
gene-SAM1_00048	913.0297647758676	255.66377222199802	625.8979312678063	phage	gene-SAM1_00048	early	early	125.99309249414014
gene-SAM1_00135	3309.9618838258757	1044.469276575438	1329.9183794673756	phage	gene-SAM1_00135	early	early	554.6866558723226
gene-LUU82_05730	196.76912332599213	249.31527182134457	222.16854441691012	host	mnhC1	None	None	6.162096424311301
gene-LUU82_08700	24.44007362892164	27.279627771897648	27.556043655086086	host	gene-LUU82_08700	None	None	0.2282576314626152
gene-LUU82_03845	1.726230671387628	1.2037267636824425	1.2263842843172854	host	gene-LUU82_03845	None	None	0.12192667353319761
gene-LUU82_06065	39.83713716301502	69.77461780478306	83.9888486587315	host	gene-LUU82_06065	None	None	7.473743131118834
gene-LUU82_04155	2177.6678230225816	2051.5592067787043	1767.3485555359605	host	gene-LUU82_04155	None	None	19.27262933911155
gene-LUU82_12060	58.77304975340102	65.8735419098381	60.423191886349535	host	fni	None	None	0.43162417906137734
gene-LUU82_09745	8.568651254250199	9.041772331812457	9.44783729464177	host	gene-LUU82_09745	None	None	0.15342256701568785
gene-LUU82_10485	60.554985700294765	70.64520420697767	60.693064652196746	host	gene-LUU82_10485	None	None	0.7017543704305261
gene-LUU82_02610	28.03375347235705	32.18446080637103	27.15211199484845	host	gene-LUU82_02610	None	None	0.415160886250433
gene-LUU82_04295	196.78494782032817	255.3083237993021	214.27512383263334	host	fabD	None	None	5.655286011919679
gene-LUU82_11395	4.562943302360832	4.558325266083972	4.709114780855643	host	gene-LUU82_11395	None	None	0.06415967075096382
gene-LUU82_08970	125.1348115118949	152.44178317736768	144.47663383841495	host	gene-LUU82_08970	None	None	2.0271666714738945
gene-LUU82_01735	30.32117076372319	37.45271692279221	30.136388681430446	host	gene-LUU82_01735	None	None	0.567419613435604
gene-LUU82_07770	51.53521390884316	66.11566965123068	59.03704916877856	host	pth	None	None	0.7281135797381568
gene-LUU82_04745	30.679725439094984	31.215418046495348	25.914423363287458	host	polX	None	None	0.342268893645058
gene-SAM1_00226	277.51686533423486	110.91576006195656	176.6940822863584	phage	gene-SAM1_00226	early	early	26.688145497249852
gene-LUU82_11675	3.2443653073398573	4.133087867314164	4.376503595919388	host	hlgB	None	None	0.1048174782801828
gene-LUU82_13575	2.2367951623307096	2.2217337387565386	2.086117624355134	host	ilvB	None	None	0.02338195703290687
gene-LUU82_03725	71.86327635133915	83.73983633966618	74.58444849665989	host	gene-LUU82_03725	None	None	1.5037516924071415
gene-LUU82_02410	121.6221390162707	129.4608616616423	114.00463979510829	host	gene-LUU82_02410	None	None	0.602100508884368
gene-LUU82_09965	3.6521282701092423	3.4098916843432576	3.186656520426082	host	gene-LUU82_09965	None	None	0.03481690786250616
gene-LUU82_03410	1.1977084448018542	1.6517880042372004	1.5328953449500802	host	gene-LUU82_03410	None	None	0.07834798274207372
gene-LUU82_01020	1481.580645947806	1562.3115377636325	1595.9412324379853	host	gene-LUU82_01020	None	None	50.74218449824435
gene-SAM1_00182	634.9037697459448	417.16615516998337	914.5560812403352	phage	gene-SAM1_00182	early	late	71.79843624900356
gene-LUU82_08585	6.22071073187617	6.766565467489915	5.878315304838034	host	gene-LUU82_08585	None	None	0.05524254296816552
gene-SAM1_00021	215.079211853144	77.52084754023578	78.80477122302969	phage	gene-SAM1_00021	early	early	36.18942271254198
gene-LUU82_14010	33.47656720021103	39.03991927496607	32.60792655535715	host	gene-LUU82_14010	None	None	0.31528322900426475
gene-LUU82_03195	4.645066720517363	9.410454303863395	3.679418158822404	host	norB	None	None	3.724065287566052
gene-LUU82_04000	63.38181403491918	84.77421732730484	62.95147570314922	host	gene-LUU82_04000	None	None	4.168961190876155
gene-LUU82_08080	11.332931521721646	14.336150138466072	8.21057315841876	host	gene-LUU82_08080	None	None	0.7913154756724258
gene-LUU82_01260	2.802983272119663	2.9249254940495057	2.9034522447921063	host	gene-LUU82_01260	None	None	0.04555367197468332
gene-LUU82_03815	4.422013874689625	4.879039559205457	5.3444228402901475	host	gene-LUU82_03815	None	None	0.09240775385884019
gene-LUU82_12420	55.901739827186304	65.09776949477511	60.83841611589895	host	gene-LUU82_12420	None	None	0.9069697344065628
gene-LUU82_11465	30.945115435916893	38.91885913000047	34.439926006541924	host	gene-LUU82_11465	None	None	0.41839341254179585
gene-LUU82_08170	1.823574950314771	1.8012767966465413	1.5398011503378797	host	gene-LUU82_08170	None	None	0.06105172423831363
gene-LUU82_10620	24.790698204716904	33.88291663449535	36.80167114445543	host	gene-LUU82_10620	None	None	0.9957235081793946
gene-LUU82_13445	21.454242225033422	26.94571609654784	24.527558212168884	host	gene-LUU82_13445	None	None	0.35167484872308014
gene-LUU82_00295	26.773223126415704	31.814229836232766	24.676705630262102	host	gene-LUU82_00295	None	None	0.5742366855995292
gene-SAM1_00016	1063.0545770703147	492.6426736922615	1064.377651355919	phage	gene-SAM1_00016	early	late	92.25918450989617
gene-LUU82_01100	38.448076792531594	45.4576677884495	38.80305219133884	host	gene-LUU82_01100	None	None	0.422797183416408
gene-LUU82_04430	21.551515220590833	22.612968103884345	16.63082747056386	host	carB	None	None	1.6018231763059951
gene-LUU82_05710	226.42828841408968	294.0136738473016	246.98529538518764	host	gene-LUU82_05710	None	None	4.077003149634937
gene-LUU82_03920	48.274467762023136	57.7708032258088	56.47707219970553	host	hfq	None	None	0.6015761650233675
gene-LUU82_09705	122.78438066173278	151.52822055527412	180.30717232185395	host	gene-LUU82_09705	None	None	5.600142218127115
gene-LUU82_05015	258.19352511900826	289.0706247915747	238.60273174834865	host	gene-LUU82_05015	None	None	1.8866926441208158
gene-LUU82_09760	45.9151976158771	54.65917475433878	49.84743333222493	host	gene-LUU82_09760	None	None	0.5698876474296926
gene-LUU82_11530	7.5534757238816885	8.460651061432548	5.165764259787441	host	gene-LUU82_11530	None	None	0.33216534446240087
gene-LUU82_08070	11.77376947742159	11.905908376906654	7.118113671278721	host	gene-LUU82_08070	None	None	0.602641725942279
gene-LUU82_05235	10.52699262443823	11.954087467105415	10.280067814527321	host	sspC	None	None	0.24113989787904208
gene-LUU82_06095	128.56414489693995	182.49329835305977	157.28192377605356	host	gene-LUU82_06095	None	None	3.9964269482136
gene-LUU82_08840	14.866281945407513	22.828892861468134	21.965828298128738	host	gene-LUU82_08840	None	None	0.7438817351570528
gene-LUU82_11150	42.50828697946941	137.47323028620468	56.87508914614731	host	gene-LUU82_11150	None	None	78.10270271642126
gene-LUU82_10250	34.28038949243462	41.62962756344427	40.033511512572055	host	gene-LUU82_10250	None	None	0.5691637324531509
gene-LUU82_11250	9.196995413895237	12.321565323774607	9.032316861433342	host	gene-LUU82_11250	None	None	0.4641686769534383
gene-LUU82_11915	48.35799765420108	54.95011117029691	40.79118001386243	host	gene-LUU82_11915	None	None	1.2250358906825192
gene-LUU82_10240	17.74549677690394	16.651362581094084	19.10739660359431	host	gene-LUU82_10240	None	None	0.25270180445241786
gene-LUU82_05190	108.85020520875501	132.50875313422452	127.51023208902939	host	gene-LUU82_05190	None	None	1.1293540147501602
gene-LUU82_13500	58.99927686480728	60.862334625274706	53.61650801771366	host	gene-LUU82_13500	None	None	0.43955360624142037
gene-LUU82_09955	13.958733704816927	15.19687074308766	14.220109842507933	host	gene-LUU82_09955	None	None	0.05090967878091532
gene-LUU82_13975	31.700410288332282	36.30865757664824	32.23435101864527	host	blaI	None	None	0.5465944389029898
gene-LUU82_04750	50.42829237267457	56.319578553753225	46.05718170916631	host	gene-LUU82_04750	None	None	0.6581462415018114
gene-LUU82_06965	22.532179817819898	27.718522580473945	22.315345159704663	host	gene-LUU82_06965	None	None	0.4055338383634689
gene-LUU82_02035	47.51217237938098	48.549534874233075	39.76072015227216	host	yihA	None	None	0.367048751541982
gene-LUU82_05720	112.65586992616095	137.753617058892	124.60928420875398	host	mnhA1	None	None	3.9378604658644583
gene-LUU82_13745	5.610007290755302	8.355033243564192	6.945176713929147	host	lukG	None	None	0.307557461906645
gene-SAM1_00042	175.09434179822802	455.81750671729515	585.4558640520705	phage	gene-SAM1_00042	early	late	82.51275178783078
gene-LUU82_09375	35.90917868715481	44.19889361315148	46.51260096673136	host	gene-LUU82_09375	None	None	1.063338427534109
gene-LUU82_02105	113.35632236343577	123.04364313789345	95.1158186997668	host	gene-LUU82_02105	None	None	1.4928475187258234
gene-LUU82_12160	57.27027550113936	68.23957964849406	62.27359209644823	host	gene-LUU82_12160	None	None	0.930879751603936
gene-SAM1_00099	5391.383159234169	8104.04985131395	7895.635015034422	phage	gene-SAM1_00099	early	middle	319.84668560143825
gene-LUU82_06245	69.37452661609503	78.43934935324138	72.72693967188326	host	gene-LUU82_06245	None	None	0.414065122578476
gene-LUU82_00595	82.00028621044244	119.30626144673101	131.58962723589482	host	gene-LUU82_00595	None	None	4.901105855231918
gene-LUU82_03530	2.7135467206174497	2.6301340192054066	2.8428840229501446	host	trpD	None	None	0.02002521101293548
gene-LUU82_03820	10.787514932985081	14.513315386276608	15.66166093562145	host	gene-LUU82_03820	None	None	0.38622219223965937
gene-LUU82_07520	531.76982894391	572.3299905508272	472.8877005572365	host	rpmG	None	None	6.183585269661302
gene-LUU82_04840	49.05486354828343	54.333676004532684	39.06046461325354	host	coaD	None	None	1.3422227504898248
gene-LUU82_12245	39.09763078150799	41.37516325243198	39.78933617286666	host	gene-LUU82_12245	None	None	0.24399603181381604
gene-LUU82_11300	2.8109058564298	2.938118792810975	2.5586052007973543	host	gene-LUU82_11300	None	None	0.022043349743353056
gene-LUU82_13705	48.29383617488907	57.6413364961273	52.12258833008159	host	gene-LUU82_13705	None	None	0.7755566675041481
gene-LUU82_04320	195.90024943528275	203.96584909002547	167.51391820625975	host	gene-LUU82_04320	None	None	2.071080144553659
gene-LUU82_09215	1.4998674104281864	1.9326687351329488	1.1235778676762824	host	ugpC	None	None	0.2799537002365508
gene-LUU82_13405	86.13388220006262	113.47993041414468	98.67517335196733	host	gene-LUU82_13405	None	None	2.0420816849673846
gene-LUU82_09750	22.27959575150165	24.733692737376856	23.75671524648941	host	gene-LUU82_09750	None	None	0.18571246047974918
gene-LUU82_03590	21.01880458466941	26.898569327384504	24.73608771685419	host	gene-LUU82_03590	None	None	0.45134046218328366
gene-LUU82_08335	533.3640446318337	307.17078594519234	262.85329589622626	host	ahpF	None	None	42.938022116644866
gene-LUU82_08450	4.902306476120548	5.167010512490567	4.361285559532754	host	gene-LUU82_08450	None	None	0.07554483277412209
gene-LUU82_09200	2.6443879491489124	4.0998213775591585	2.5006319539507023	host	gene-LUU82_09200	None	None	0.6366127810984296
gene-LUU82_09890	10.566296255506877	11.679159602173135	8.9752887801324	host	gene-LUU82_09890	None	None	0.551179353356293
gene-LUU82_10790	7.740044413873026	9.511860919750282	8.048888000234962	host	gene-LUU82_10790	None	None	0.10749709533435203
gene-SAM1_00043	1162.804957814308	341.3548136841136	414.3485520330382	phage	gene-SAM1_00043	early	early	223.23608648711732
gene-LUU82_03695	55.00031914735607	52.658269717182826	37.75520123775178	host	guaC	None	None	1.5254688125273819
gene-LUU82_04140	615.5280138680619	621.8077928670656	574.5945820619728	host	frr	None	None	4.27381767790059
gene-LUU82_13715	159.0281863410556	225.4098188188552	145.8910507641159	host	groES	None	None	8.841928084058136
gene-LUU82_11270	42.25114765856022	50.47053336005865	44.88295021228483	host	galU	None	None	0.46107953980266864
gene-LUU82_09560	79.13865483977226	101.80745953952987	83.15894568710596	host	gene-LUU82_09560_gene_deoC	None	None	1.452984081963974
gene-LUU82_04770	73.44797931701397	86.42124582466967	71.54837551534996	host	pheS	None	None	1.2789673655127791
gene-LUU82_03790	1.4177929672187863	1.645862881910536	1.3848858824171852	host	gene-LUU82_03790	None	None	0.027209777654177984
gene-LUU82_13230	126.8702243815939	138.05690914403598	112.36435802178109	host	prmC	None	None	1.3651595925847215
gene-LUU82_13710	74.00660205670742	95.21482806772671	84.37217689214098	host	mroQ	None	None	1.2623428426716672
gene-LUU82_13925	130.7153055313283	144.16934976670618	122.13139912858539	host	gene-LUU82_13925	None	None	3.476474859703877
gene-LUU82_00540	312.8670859666385	398.9482097480174	415.7214735553989	host	gene-LUU82_00540	None	None	6.985869381327091
gene-LUU82_00305	50.32964895186347	73.59687979579269	64.59565988678133	host	nadE	None	None	1.9544368890867634
gene-LUU82_06560	47.79001576456161	55.48947624222814	50.38619918751931	host	gene-LUU82_06560	None	None	0.47296462071728995
gene-LUU82_11695	9.56700238091958	11.112297005407234	8.928201892962168	host	gene-LUU82_11695	None	None	0.374207077902267
gene-LUU82_11180	7.376788723855303	7.276722940947285	6.8050225244441265	host	gene-LUU82_11180	None	None	0.10771484534297855
gene-LUU82_01205	1423.2391704721795	1396.2125015688587	1245.0058250638228	host	gene-LUU82_01205	None	None	55.627521780056014
gene-LUU82_07765	43.012208912985244	54.25747023087601	52.87608136089188	host	mfd	None	None	1.119383341101599
gene-LUU82_03935	68.11190297079676	98.22899928814941	84.8647289507013	host	gene-LUU82_03935	None	None	3.1964606690884576
gene-LUU82_04195	136.32917833877966	132.98922678189373	118.01944907835953	host	topA	None	None	1.044773789189512
gene-LUU82_09635	18.53542468180243	20.814372668814936	17.31313798714088	host	sbnI	None	None	0.16854791409650507
gene-LUU82_11415	14.630023029298803	14.474481939513916	13.017321952417747	host	gene-LUU82_11415	None	None	0.8447500841811688
gene-LUU82_07880	7.618862418286675	9.049453806253426	7.918556055527328	host	gene-LUU82_07880	None	None	0.0663467722239753
gene-LUU82_11535	3.8464364623582257	5.029757398028586	5.006802899284254	host	gene-LUU82_11535	None	None	0.17741067351394904
gene-LUU82_12470	13.807579337789264	14.232366810789863	13.09515243325667	host	gene-LUU82_12470	None	None	0.08848199325333525
gene-SAM1_00055	2776.3864126984954	2830.1714728111806	3344.141415889404	phage	gene-SAM1_00055	early	late	73.13921931578497
gene-LUU82_01300	1.6025078747505013	1.7126262857647012	1.311253498623169	host	splD	None	None	0.029882044280721387
gene-LUU82_10540	1.4405073505953538	2.0392016314551484	1.809175435533738	host	arcA	None	None	0.0741385888340106
gene-LUU82_13080	153.02610993626595	204.6886854549074	175.92055437365056	host	gene-LUU82_13080	None	None	3.0420966979094275
gene-LUU82_06490	127.20950694433718	193.06637173956676	167.0544707843076	host	nrdE	None	None	5.632922348154423
gene-LUU82_09235	4.806699043248884	4.9624154797648945	4.630965994611707	host	ggt	None	None	0.07166819065884332
gene-LUU82_05110	56.312893129316855	92.77712118771065	85.0833732115363	host	purF	None	None	5.348268426924028
gene-LUU82_12225	103.68404726475949	129.50145515940605	107.52799582497853	host	sdpB	None	None	1.292102351551293
gene-LUU82_07215	13.807888995561115	21.71826375656555	18.827240201543272	host	gene-LUU82_07215	None	None	0.8147224353980633
gene-LUU82_04815	38.12866974433485	82.48826125200115	69.18343792939741	host	isdA	None	None	6.174861808277317
gene-LUU82_11555	51.56967845736443	64.95805321516549	65.73952428651	host	gene-LUU82_11555	None	None	1.0984958104275666
gene-LUU82_02115	67.9591088435783	47.82274680345635	46.18578190053407	host	gene-LUU82_02115	None	None	2.032196732967503
gene-LUU82_02745	155.03879617102245	169.22947579537205	150.0914119773395	host	xseA	None	None	1.0477514488730917
gene-LUU82_06475	31.72581050183432	56.97259977186801	25.85573430968992	host	gene-LUU82_06475	None	None	5.669997428093925
gene-LUU82_01245	18.31156644956803	22.64492257154536	19.842498818085488	host	gene-LUU82_01245	None	None	0.2580914952300992
gene-LUU82_03045	38.51241741029584	46.05828562668362	44.739613622333515	host	aroB	None	None	0.7277096418188499
gene-SAM1_00039	221.8315821859192	98.68509049378967	275.27718380326337	phage	gene-SAM1_00039	early	late	31.029141127373023
gene-LUU82_01125	71.79741975697802	91.53533685068493	83.0047831812402	host	gene-LUU82_01125	None	None	1.16241947830819
gene-LUU82_00990	1242.0437884570765	1588.5343564859752	1513.5487530229984	host	gene-LUU82_00990	None	None	69.63823044446131
gene-LUU82_07970	20.47513294596143	27.512606586143857	23.442774156929634	host	gene-LUU82_07970	None	None	0.44178313385948426
gene-LUU82_01715	1.665801040285609	1.9085096132909156	1.455430096494509	host	acsA	None	None	0.03242616681558569
gene-LUU82_06270	1811.9129662681862	2359.576341977976	1900.7321130494122	host	gene-LUU82_06270_gene_gap	None	None	57.89051682374753
gene-LUU82_13060	39.72741727742879	49.014613699903485	39.91179556359089	host	gene-LUU82_13060	None	None	0.5262057573817043
gene-LUU82_05645	27.731932504221692	35.34763960810912	33.07235715170762	host	addA	None	None	0.6621396030301246
gene-LUU82_01065	52.11677248858184	57.47043122427573	50.60049022701241	host	trmL	None	None	0.42560096353441557
gene-LUU82_11705	23.396818317699655	30.66674747316493	27.707766687343323	host	gene-LUU82_11705	None	None	0.5693284221404533
gene-LUU82_03055	62.70468280286733	73.82461153786475	64.79258110136652	host	gene-LUU82_03055	None	None	0.6697581854877246
gene-LUU82_07745	139.679742606852	180.05072355230323	166.8406198684294	host	gene-LUU82_07745	None	None	2.8670551116219922
gene-SAM1_00057	1893.5541338242674	2245.0047060899765	2891.249136847177	phage	gene-SAM1_00057	early	late	101.66844129156785
gene-LUU82_07550	79.07222400754384	93.79969895492953	75.26916685507753	host	cysE	None	None	1.810473679776221
gene-LUU82_12975	269.58596810678335	262.8555585174365	239.28173838358612	host	gene-LUU82_12975	None	None	11.132720227019025
gene-LUU82_11405	12.024627295523677	13.784913840880812	17.333553221347156	host	gene-LUU82_11405	None	None	0.5148054187990775
gene-LUU82_01420	78.3325855575982	107.59605436744425	96.01903401413266	host	yidD	None	None	1.9823470318331464
gene-LUU82_06050	26.65685417061283	38.47876140255362	36.70723285052268	host	gene-LUU82_06050	None	None	1.2535322918738752
gene-LUU82_05640	133.99752494117314	199.31156359288354	173.28406173092142	host	gene-LUU82_05640	None	None	4.8999606636841415
gene-LUU82_00925	3047.010786880226	3896.706867608495	3902.5570166646085	host	gene-LUU82_00925	None	None	221.51216617428403
gene-LUU82_01350	6.908016316364875	6.203752815800182	5.749944570273315	host	gene-LUU82_01350	None	None	0.17563968524179902
gene-LUU82_01905	222.68538964585028	279.1315011718106	233.31304936777153	host	pfkA	None	None	3.88613553206544
gene-LUU82_03225	84.11150293317368	100.08999818322091	96.33247553968204	host	gene-LUU82_03225	None	None	1.152533916502507
gene-LUU82_04610	3.595874228935753	3.141150449683666	3.051970763563178	host	gene-LUU82_04610_gene_arcC	None	None	0.0313431235614039
gene-LUU82_08690	106.5698607269539	133.66734694978243	137.13535456338693	host	gene-LUU82_08690	None	None	2.7795349105315545
gene-LUU82_11540	4.6869299427599636	5.780133043321463	6.097914071444207	host	gene-LUU82_11540	None	None	0.24259015971317344
gene-LUU82_10570	15.241199261252342	19.13770805542778	18.35735493567233	host	gene-LUU82_10570	None	None	0.2634057787925306
gene-LUU82_05010	154.8311873533684	178.88087908516943	133.83705058285935	host	gene-LUU82_05010	None	None	4.030654431309141
gene-LUU82_09060	1.266074808527036	1.0634638197187942	0.87292415636143	host	gene-LUU82_09060	None	None	0.10895218282563081
gene-LUU82_11690	192.4124012453038	238.93487988758451	317.04657511691653	host	sbi	None	None	24.340102746069515
gene-LUU82_14020	57.50872132184394	75.34139206421088	68.15251331252524	host	gene-LUU82_14020	None	None	1.0978468936160524
gene-LUU82_03720	63.10531704563741	72.62685391772546	64.46171945562385	host	gene-LUU82_03720	None	None	1.3530073897868722
gene-LUU82_11715	64.27413557548454	64.2863612977062	69.02638926952056	host	mdeA	None	None	0.6770539951171661
gene-LUU82_08730	16.990670129168393	18.229252913988713	16.117565368774766	host	gene-LUU82_08730	None	None	0.17973860406958633
gene-LUU82_02350	5.810371509509633	6.6350518760827955	8.143022474387598	host	pxpA	None	None	0.24927016959088868
gene-LUU82_13195	100.63225307442387	105.13668387735144	88.68226023356299	host	gene-LUU82_13195	None	None	0.6900690641823081
gene-LUU82_01780	4.153048343348065	5.699355574908471	6.85903207088374	host	gene-LUU82_01780	None	None	0.3370005205458816
gene-LUU82_08825	17.874326342253642	25.046728499382372	27.48831070097624	host	essA	None	None	0.9545388967936486
gene-SAM1_00204	137.92632762605726	47.131522825030004	197.73028286852548	phage	gene-SAM1_00204	early	late	33.67766717281732
gene-LUU82_02250	903.3290522292003	890.3944705856564	851.5672567089399	host	gene-LUU82_02250	None	None	20.524597114926028
gene-LUU82_01355	153.9445297842166	194.26140838831182	199.12998617839222	host	pepA1	None	None	3.894699374242882
gene-LUU82_12050	28.893662944406703	35.96754440690946	31.069703739036527	host	gene-LUU82_12050	None	None	0.41411926905004365
gene-LUU82_03340	76.52101923789736	71.81197947395862	59.16350007674183	host	brnQ	None	None	0.8370960357495058
gene-LUU82_02380	106.98505013699572	115.97795438939744	101.29236483209907	host	yqeH	None	None	0.8380140039062824
gene-LUU82_05070	132.1553587405585	138.1146649602205	142.02483082079004	host	graF	None	None	7.899411367256174
gene-LUU82_01575	45.97285966675374	48.59394189433011	39.29367567241033	host	gene-LUU82_01575	None	None	0.435117582286005
gene-LUU82_08385	2.555799214949309	3.5638335422701726	3.937349791749939	host	selX	None	None	0.1211639332280657
gene-LUU82_09485	1.9184835946492431	2.103583524485328	1.5400909665009606	host	cap8E	None	None	0.0387325712668236
gene-LUU82_03800	24.931248608837922	34.568849924875046	32.662074697330915	host	gene-LUU82_03800	None	None	0.9450914107850251
gene-SAM1_00023	700.2055058663772	213.4645321955741	279.39993740142415	phage	gene-SAM1_00023	early	early	117.81270904731504
gene-LUU82_14060	49.7837389438171	55.57260203618005	46.13088792369678	host	gene-LUU82_14060	None	None	0.6942335671882263
gene-LUU82_07575	64.37984017173854	92.9951129532397	62.55146855424535	host	gene-LUU82_07575	None	None	3.603963472199369
gene-LUU82_09930	17.330842147641288	22.149371821134164	20.296974085899606	host	gene-LUU82_09930	None	None	0.2388632412473107
gene-LUU82_11865	71.4423489237095	79.02528231360732	60.66273226423022	host	gene-LUU82_11865	None	None	1.3547587923120399
gene-LUU82_11575	51.3978169381216	55.24776350927547	54.48420987705291	host	gene-LUU82_11575	None	None	0.40578842651364305
gene-LUU82_02735	232.21181603234575	256.9607260589244	223.88129602730908	host	gene-LUU82_02735	None	None	2.416563313564021
gene-LUU82_00500	43.70094561765175	43.43556460315863	38.743437742474335	host	yfkAB	None	None	0.28494802716297923
gene-LUU82_01615	65.5699712086654	89.07200573225452	79.05572188468302	host	sapep	None	None	1.6699609557955972
gene-LUU82_10290	2.460081059969465	2.564316847708906	2.700633059123081	host	gene-LUU82_10290	None	None	0.03239097325702294
gene-LUU82_06775	15.105803125129377	18.34085427254039	15.023593530827078	host	gene-LUU82_06775	None	None	0.21691309803875622
gene-LUU82_12900	44.72373737662557	86.45507179471345	46.780396458908456	host	gene-LUU82_12900	None	None	8.005982449620177
gene-SAM1_00215	252.8450521575362	102.39974978327778	272.8187571275608	phage	gene-SAM1_00215	early	late	32.285362648615525
gene-LUU82_02835	125.21593329399236	142.89012271374546	128.36450151362442	host	gene-LUU82_02835	None	None	0.7683199095619906
gene-LUU82_00095	4.3227661435307185	4.229383443679569	3.582549495937719	host	gene-LUU82_00095	None	None	0.043691016492842474
gene-LUU82_04800	11.568990363010052	28.24933472432281	14.287070487026574	host	isdE	None	None	3.4855858411080836
gene-LUU82_08670	1.8273649757642911	1.8206317845382898	1.6340091394810423	host	gene-LUU82_08670	None	None	0.009016688258656294
gene-LUU82_01225	1415.0258527910307	1522.9749987597154	1359.5697720751377	host	gene-LUU82_01225	None	None	99.20165926266571
gene-LUU82_02730	184.78537059022713	201.10921119276418	174.53309597598812	host	accC	None	None	1.9416503526665265
gene-LUU82_00415	161.3795087551301	95.14372362733532	126.07688058997395	host	ftnA	None	None	7.015085554894155
gene-LUU82_04950	67.55974692901079	52.41637533425497	47.41045371208363	host	gene-LUU82_04950	None	None	1.547752157875928
gene-LUU82_06945	32.097090932636036	41.37122008758598	38.732381547744126	host	gene-LUU82_06945	None	None	0.5834222500622179
gene-LUU82_10215	1.9529910795892356	2.073458092937901	1.7997327715663836	host	vraE	None	None	0.02585698695984515
gene-SAM1_00197	538.7918448507589	216.78796168539284	479.7377166424014	phage	gene-SAM1_00197	early	early	53.04342309571958
gene-LUU82_08360	17.886136848534168	15.433036071793083	10.765043261992943	host	gene-LUU82_08360	None	None	1.9622807816215224
gene-LUU82_05695	7.975501544968935	9.527935209182319	9.0818100473889	host	gene-LUU82_05695	None	None	0.1299604428860606
gene-LUU82_09280	1.3958715052167443	2.02100956546447	1.640420175077318	host	gene-LUU82_09280	None	None	0.05075256802728597
gene-LUU82_04200	4.495934571441157	4.812249548915463	3.7220365433308	host	dprA	None	None	0.059090874190995527
gene-LUU82_11945	97.69830997236693	121.56610764400354	121.53734743624953	host	gene-LUU82_11945	None	None	2.1976309087125294
gene-LUU82_09575	14.085033981598473	16.26148982723667	15.916844468297393	host	gene-LUU82_09575	None	None	0.18513647625931265
gene-LUU82_09170	13.990381936828237	16.8313515867317	14.867505648577028	host	gene-LUU82_09170	None	None	0.16760802068490488
gene-LUU82_04895	74.92592289832616	77.50276442396546	62.479772900122065	host	ftsW	None	None	0.6910837218980412
gene-LUU82_06940	128.95591956774985	172.72878969763983	164.86092151762645	host	gene-LUU82_06940	None	None	3.117148601017997
gene-LUU82_07050	45.37956166036147	37.59614446174263	39.5894441989866	host	gene-LUU82_07050	None	None	0.706338667063334
gene-LUU82_07290	68.87260673332814	79.67020399731705	65.52474475970102	host	gene-LUU82_07290	None	None	0.786596758051469
gene-LUU82_09115	21.268773039494715	30.511938910282538	37.7834531594394	host	gene-LUU82_09115	None	None	3.54421024455512
gene-LUU82_09860	2.5427864251975083	2.881987062062686	2.1800675493108264	host	cstA	None	None	0.04311777752526308
gene-LUU82_09220	4.741558164912175	4.462640759435916	3.3616065601142164	host	gene-LUU82_09220	None	None	0.11360428224474503
gene-LUU82_00850	63.72737068058263	72.79127912173216	68.13596160478482	host	gene-LUU82_00850	None	None	0.32374747479375465
gene-LUU82_07435	166.75463519612347	271.6594029216005	260.9976020782505	host	hchA	None	None	12.641494065219003
gene-LUU82_03850	1.8737616955255583	2.486892614608394	2.1129273234757964	host	gene-LUU82_03850	None	None	0.0543492500382223
gene-LUU82_11545	6.9494195039649584	8.672651649388312	8.517222211048127	host	gene-LUU82_11545	None	None	0.20171703470657895
gene-LUU82_03310	18.880954875771213	26.77981167433403	23.835583366697396	host	gene-LUU82_03310	None	None	1.1211286079783505
gene-LUU82_04245	176.41829952921526	139.78853500614102	117.88694259838189	host	trmD	None	None	4.636458914763816
gene-LUU82_09030	1.1630093393927468	1.2630203524183867	1.2905822604147452	host	gene-LUU82_09030	None	None	0.021275819727269774
gene-LUU82_01965	62.15207057510188	75.98506771447934	67.35697466559382	host	nrdR	None	None	0.6626844685692055
gene-LUU82_04740	47.13008415593932	47.852854011744476	40.72512715684453	host	gene-LUU82_04740	None	None	0.43804989666387845
gene-SAM1_00174	876.2016322342666	1003.9715168464696	1171.3830378525147	phage	gene-SAM1_00174	early	late	21.876211306040577
gene-LUU82_08055	47.203374651751936	60.89149286819352	47.75238163117714	host	gene-LUU82_08055	None	None	5.665822377923291
gene-SAM1_00161	2203.689870491747	783.6730143464556	941.2556257881146	phage	gene-SAM1_00161	early	early	315.9953317688646
gene-LUU82_11840	30.347780417888032	82.98968033896851	29.213787680409478	host	nreB	None	None	48.8787903247409
gene-LUU82_01705	2.4675977425974387	2.864677805455544	2.4819700665249775	host	gene-LUU82_01705	None	None	0.046919735109029734
gene-LUU82_11310	39.38607349901304	55.61550750888241	55.1983767738573	host	gene-LUU82_11310	None	None	1.3949916900878845
gene-LUU82_02060	80.32869399401484	80.91560767838571	63.99857444376172	host	hemB	None	None	2.1724132733955943
gene-LUU82_06755	33.05437923669518	34.907249872124645	29.218640548597808	host	gene-LUU82_06755	None	None	0.5286724154452734
gene-LUU82_10715	39.45845469248352	46.738171467598384	40.5417487018844	host	gene-LUU82_10715	None	None	0.8107490594088368
gene-LUU82_12405	50.158638411635025	66.27006415566325	60.170712676322715	host	modB	None	None	1.004651251844705
gene-LUU82_00580	83.16281821944452	114.29310257130184	129.70834059804338	host	gene-LUU82_00580	None	None	4.823080446650004
gene-LUU82_12865	1588.4049108442566	1478.762388367688	1545.6858718710346	host	gene-LUU82_12865	None	None	23.766853401686642
gene-LUU82_14050	24.5058119960253	23.7689531108761	22.088006292622534	host	gene-LUU82_14050	None	None	0.45001111340005484
gene-LUU82_00690	98.1908111160219	196.28575069979948	582.1822601572276	host	gene-LUU82_00690	None	None	151.25654971995596
gene-LUU82_05340	426.0615501439035	498.01985906149935	411.61156340006147	host	gene-LUU82_05340	None	None	7.5661826312964395
gene-LUU82_11020	18.858098967787594	25.14834593812075	17.19847295396467	host	clpL	None	None	2.9135123343681966
gene-LUU82_11790	10.665083439941476	13.678078915968735	12.093490457404464	host	gene-LUU82_11790	None	None	0.19187319467348643
gene-LUU82_05705	93.82928432963725	119.45229719205702	104.89816364181706	host	ygs	None	None	1.3450174854944938
gene-LUU82_09345	6.8991425637610915	6.810156335442996	7.416563001477378	host	argB	None	None	0.09839187047383312
gene-LUU82_10890	17.620936788113053	18.91004550256133	17.217284386868645	host	gene-LUU82_10890	None	None	0.08310882375948832
gene-LUU82_08725	28.514859905344522	31.353312407371362	27.350338415032194	host	gene-LUU82_08725	None	None	0.3860155746867992
gene-LUU82_08995	17.891707504085417	26.352511026899766	27.893745145721834	host	gene-LUU82_08995	None	None	1.3422754022068697
gene-LUU82_12725	9.353203187864784	8.546184446675431	6.390059546731176	host	gene-LUU82_12725	None	None	0.23317160540559573
gene-LUU82_04455	90.59230874877757	121.22590036132402	91.67588594302698	host	pyrR	None	None	4.207610414877823
gene-LUU82_02160	206.703197674075	177.08911265819742	153.80666890864114	host	ruvA	None	None	4.145898565666719
gene-LUU82_03160	78.61880783272801	72.20026891897929	57.00302216667696	host	gene-LUU82_03160	None	None	1.8637748529268034
gene-LUU82_05000	41.72316911636564	62.50012607695847	49.41217864796878	host	gene-LUU82_05000	None	None	2.1026027766307323
gene-LUU82_04555	352.4617069495014	411.90416512821076	375.08405549552793	host	mraZ	None	None	2.814166810382463
gene-LUU82_10155	114.03967675280279	132.05510784122086	122.47366381556448	host	dnaA	None	None	0.9776229315725926
gene-LUU82_13290	734.2737532660876	838.3554210782271	674.7921761936583	host	atpA	None	None	18.360870915864773
gene-LUU82_12315	17.436253908524574	23.228128538115783	21.900753918892963	host	gene-LUU82_12315	None	None	0.3533303368866735
gene-LUU82_00275	11.616952746838264	13.406422737962828	12.429781613593214	host	gene-LUU82_00275	None	None	0.18194257870589392
gene-SAM1_00002	238.3934660806317	95.5882652143609	265.4884904909254	phage	gene-SAM1_00002	early	late	32.92806793558598
gene-LUU82_09015	3.354965011519477	3.324169035717246	3.188391598891219	host	gene-LUU82_09015	None	None	0.019761439466774184
gene-LUU82_00630	84.10542732530119	115.17785690393161	132.19548962212974	host	gene-LUU82_00630	None	None	4.977385722838796
gene-LUU82_01605	125.65099727056084	142.74254129874956	131.32291802636348	host	gene-LUU82_01605	None	None	1.1266356621777978
gene-LUU82_13490	411.63529540522796	439.5493967301949	411.31049325761364	host	rsbW	None	None	3.802864606270504
gene-LUU82_03955	32.345150759711665	36.906914850253706	33.3353426887546	host	mutL	None	None	0.32326805998685587
gene-LUU82_06105	55.80818193972274	87.66233206389522	55.19801219029077	host	gene-LUU82_06105	None	None	4.9002802331720545
gene-LUU82_03180	2.30801688677013	7.639311632386658	1.732604523112147	host	gene-LUU82_03180_gene_ald	None	None	7.214924467007729
gene-LUU82_02545	41.84308537170331	49.58016397269488	42.81294491237508	host	gene-LUU82_02545	None	None	0.5263730913636057
gene-LUU82_03580	76.62537859126338	97.84945451128237	93.81114325342935	host	cozEb	None	None	1.3733207091815465
gene-LUU82_07730	160.4696262577812	172.64746435621183	138.93578546818284	host	hpt	None	None	1.4498043632388364
gene-LUU82_09285	4.862063987623213	4.7180819324894125	4.1229329557121845	host	gene-LUU82_09285	None	None	0.04204356326384921
gene-LUU82_09810	16.820308997411285	17.24022531076638	15.547370772291373	host	gene-LUU82_09810	None	None	0.08174395581632424
gene-LUU82_08440	1.5959740692735824	1.9190639028179273	1.9930204437171781	host	gene-LUU82_08440	None	None	0.040368478807157354
gene-LUU82_05220	17.755195328866865	21.105530302705443	19.232163846105482	host	gene-LUU82_05220	None	None	0.13766270520093457
gene-LUU82_09900	16.16123674493517	20.51849058142444	17.02868853140895	host	gene-LUU82_09900	None	None	0.7809149088418728
gene-LUU82_12090	31.846413706006444	35.71125894816107	28.031004846515746	host	gene-LUU82_12090	None	None	0.5373146537165993
gene-LUU82_01200	924.0977108948146	866.7167751077471	730.9164764488256	host	gene-LUU82_01200	None	None	59.49925179360092
gene-LUU82_10360	3.1003738810191748	3.783337223996495	3.207174577326834	host	lip1	None	None	0.03715953811852274
gene-LUU82_08855	14.24211978958912	18.960443760157194	22.643799266825066	host	gene-LUU82_08855	None	None	0.7522212770890125
gene-LUU82_01265	7.4605769401310225	9.563940881978777	8.455774173688916	host	gene-LUU82_01265	None	None	0.15646476001008375
gene-LUU82_05200	159.29012462268557	178.86883034375964	191.4759573954318	host	gene-LUU82_05200	None	None	3.4327325143823697
gene-LUU82_11925	15.871886290867883	25.526347549527497	15.514036614641233	host	gene-LUU82_11925	None	None	1.2652212988434193
gene-SAM1_00058	2189.9205352139684	549.4393720975706	585.4595855107513	phage	gene-SAM1_00058	early	early	530.1416986750369
gene-LUU82_01455	18.228025218550908	21.043279535226077	17.260095179031055	host	gene-LUU82_01455	None	None	0.1681676477495598
gene-LUU82_07080	33.279860306457614	36.84677087521151	30.15181908693299	host	gene-LUU82_07080	None	None	0.28580885145110646
gene-LUU82_07460	5217.129902101221	4807.468303771863	4137.438064323805	host	rpsG	None	None	110.25667170605874
gene-LUU82_04700	69.98105430380815	99.25291714480379	85.96856381146104	host	gene-LUU82_04700	None	None	2.0210838304543315
gene-SAM1_00165	688.1752131869449	467.7258681955843	667.5957999850691	phage	gene-SAM1_00165	early	early	20.51831774426434
gene-LUU82_02955	14.44215587994138	17.505271603518747	15.585715891530464	host	gene-LUU82_02955	None	None	0.30389103080874047
gene-LUU82_13630	128.11182744375796	155.33669515395513	134.67643335270623	host	gene-LUU82_13630	None	None	2.1936837282045003
gene-LUU82_00960	1294.166281592863	1742.1807957012707	1710.2052206028404	host	gene-LUU82_00960	None	None	64.23374734423109
gene-LUU82_04270	70.1288963824232	79.06991561361228	68.943859040919	host	ftsY	None	None	0.48973537971211767
gene-LUU82_05990	36.55815208254291	38.68691365255073	34.3607258543512	host	gene-LUU82_05990	None	None	0.25061008568353443
gene-LUU82_04765	85.06034817597931	98.16670366157653	85.71195938608878	host	pheT	None	None	1.344790189912616
gene-LUU82_11400	80.27603281125381	81.02860735747768	79.42186055347791	host	gene-LUU82_11400	None	None	1.9160728358383452
gene-LUU82_04830	2340.6065010431407	2042.0032975279967	1668.0664983908594	host	gene-LUU82_04830	None	None	46.20214004727451
gene-LUU82_05460	62.31576710759986	79.05209660238336	65.89370229555793	host	gene-LUU82_05460	None	None	1.618567743375216
gene-LUU82_00535	102.0529122474931	136.85747221791007	173.3089083084677	host	gene-LUU82_00535	None	None	7.281579354798177
gene-LUU82_10950	31.19589069162051	29.7295663457199	26.90574092405505	host	gene-LUU82_10950	None	None	0.3938033285676543
gene-LUU82_06450	85.53037726142959	90.69887622192635	74.13311193535772	host	gene-LUU82_06450	None	None	0.9362578438563613
gene-LUU82_09290	2.951516303675755	2.9663778072405296	2.7279735591749468	host	gene-LUU82_09290	None	None	0.01254008734612609
gene-LUU82_03675	164.67053198235416	153.5788069895345	113.88376480395668	host	gene-LUU82_03675	None	None	3.8632119949297454
gene-LUU82_02240	58.58942475038478	65.01231104559673	59.7824661702226	host	gene-LUU82_02240	None	None	0.2824189255598951
gene-LUU82_09385	3.1391720687332825	5.522469154550425	5.806875777358471	host	gene-LUU82_09385	None	None	0.5190492157741826
gene-LUU82_11435	16.33891348392439	24.005434546021515	14.418433615528073	host	cntA	None	None	1.154605128307529
gene-LUU82_11490	26.768216903424303	34.58784059771851	30.380049537296557	host	gene-LUU82_11490	None	None	0.3921894150079337
gene-LUU82_12580	5707.262670151886	5207.549622484839	4876.572996352949	host	rplV	None	None	143.30533784096008
gene-LUU82_11170	24.924322318952523	28.720767147992294	25.27195047508077	host	gene-LUU82_11170	None	None	0.35258532551403826
gene-LUU82_02925	2.613670508743722	3.2324966961030426	3.0130696642633805	host	gene-LUU82_02925	None	None	0.029709565121680437
gene-LUU82_06655	122.94844002608075	137.09941845167378	92.82749266452497	host	pfkB	None	None	4.818596149601584
gene-LUU82_07150	61.26951266942365	78.8467361100182	66.09595470225294	host	gene-LUU82_07150	None	None	1.160847183441671
gene-LUU82_10660	5.785558552499366	7.758609930630636	5.425725260082778	host	nrdG	None	None	0.37513008272900644
gene-LUU82_13305	802.8026842046106	906.2937851545385	743.6222699066587	host	gene-LUU82_13305	None	None	14.433896313539819
gene-SAM1_00041	410.81326985972396	2920.4585887289686	6381.645801002317	phage	gene-SAM1_00041	middle	late	2085.36817058681
gene-LUU82_02100	3.4101254373480003	3.757943320352096	3.5041315105819066	host	radC	None	None	0.02538655207026519
gene-LUU82_06700	11.55182679664135	12.860500855926242	11.454605008371985	host	gene-LUU82_06700	None	None	0.16220104765321458
gene-SAM1_00118	3757.365955160191	2403.6567364702987	3405.7457524752112	phage	gene-SAM1_00118	early	early	127.02330392754794
gene-LUU82_01285	0.8316678755295387	1.0244350122903638	0.786949274578007	host	splA	None	None	0.025896742227325166
gene-LUU82_09370	2.6413522880136644	2.453794811366748	2.12347354198644	host	gene-LUU82_09370	None	None	0.05912758461070958
gene-LUU82_02625	79.605849023721	88.75662902920448	77.60825577336668	host	gene-LUU82_02625	None	None	0.6209601770148057
gene-LUU82_05125	101.57499402699938	170.38103955532944	132.48371000438064	host	purS	None	None	11.876039706306754
gene-LUU82_07265	215.64078959465076	281.3509894961647	252.75303339106185	host	pta	None	None	4.195539273589187
gene-LUU82_09505	1.7222331364612604	1.7302191980458417	1.8110618180559641	host	capA	None	None	0.04907916445523149
gene-LUU82_11775	24.043389824076886	28.755355803386475	26.885135116415224	host	gene-LUU82_11775	None	None	0.28878003787689177
gene-LUU82_08330	824.7966315580728	470.9824523432009	427.86853103797574	host	ahpC	None	None	59.797754167108366
gene-LUU82_10205	1183.2106488290274	1223.4336185814384	1091.22273004428	host	gene-LUU82_10205	None	None	190.0666823318406
gene-LUU82_09090	1.2162989871467393	1.2455103093296398	1.6483741096871614	host	gene-LUU82_09090	None	None	0.057687195315753746
gene-LUU82_03690	147.11989674530648	157.4836056717997	113.85636292322266	host	gene-LUU82_03690	None	None	4.095856769524172
gene-LUU82_02590	58.5084396547679	52.764651041130925	43.608090453857415	host	gene-LUU82_02590	None	None	1.0289390749708458
gene-LUU82_03075	23.258187816483588	27.194797581523375	19.876752075889623	host	gene-LUU82_03075	None	None	0.5605358625632626
gene-LUU82_02530	69.06094957401865	80.87310571810804	73.69952846080677	host	recO	None	None	0.6393305695302196
gene-LUU82_05635	96.87753329858795	82.82091129180627	69.00647366023372	host	gene-LUU82_05635	None	None	2.641572740976822
gene-LUU82_02740	234.2462220605549	262.17503329610236	237.13484556491025	host	nusB	None	None	2.161758135365305
gene-LUU82_01415	28.197307700926263	36.41178900086516	31.968739294150755	host	menC	None	None	0.6556746522361231
gene-LUU82_02140	3961.1639688084956	3689.9824010152975	3274.0917659507054	host	gene-LUU82_02140	None	None	34.47397606351959
gene-LUU82_05845	67.8818924281726	87.08185061827494	72.23619332638651	host	gene-LUU82_05845	None	None	1.7195226472429002
gene-LUU82_09035	1.0333014866731587	1.2978844929054654	1.1392308076858546	host	gene-LUU82_09035	None	None	0.013211561486295533
gene-LUU82_03095	34.4185502980747	43.38197670796317	38.58954562068681	host	gene-LUU82_03095	None	None	0.5395753794004383
gene-LUU82_06740	137.6946163795935	158.6698421558767	156.862153687809	host	gene-LUU82_06740	None	None	2.3507904828353383
gene-LUU82_12875	16.136082639527718	19.368959802391988	12.4366037909772	host	sfaA	None	None	0.5894633535585729
gene-LUU82_00465	94.41502923081163	117.26267756946969	111.85631816284156	host	vraR	None	None	1.519113652515619
gene-LUU82_03770	57.82504535956061	60.19036326660074	56.96164429266614	host	gene-LUU82_03770	None	None	0.6423663000193305
gene-LUU82_01120	12.922499141693594	13.214445552823273	10.485369011683153	host	gene-LUU82_01120	None	None	0.25518276029972997
gene-LUU82_06045	28.83592322218742	46.075158603129786	42.475881914507305	host	gene-LUU82_06045	None	None	2.020370780318946
gene-LUU82_11810	11.2024200112189	47.8170258314935	7.148454264952174	host	cobA	None	None	62.71638289814979
gene-SAM1_00225	253.8313653032536	139.7723716853291	239.50570272397854	phage	gene-SAM1_00225	early	early	15.908768667517059
gene-LUU82_13850	120.25185148671596	124.39875686998948	111.03302164058175	host	gene-LUU82_13850	None	None	2.6718854988317893
gene-LUU82_09945	4.689057407514453	5.163590927506263	4.5122387526351195	host	gene-LUU82_09945	None	None	0.054096868530356536
gene-SAM1_00211	94.7410717170086	33.74296045675255	119.54060865046809	phage	gene-SAM1_00211	early	late	17.26418628900633
gene-LUU82_06930	38.951531184867896	46.06966223250453	38.902483357041355	host	gene-LUU82_06930	None	None	0.5218796766239269
gene-LUU82_07090	59.89654874135817	76.9945836617333	68.10967831868588	host	gene-LUU82_07090	None	None	1.1192306377688515
gene-LUU82_10010	12.613677560318704	15.59030184548425	12.662449388999306	host	gene-LUU82_10010	None	None	0.29637014344460966
gene-LUU82_07240	56.022185497618985	59.29942710935959	47.61373915533869	host	gene-LUU82_07240	None	None	0.8440803461823007
gene-LUU82_04210	2.2323586339154664	2.068933625095471	1.8639363513778937	host	gene-LUU82_04210	None	None	0.02308504485271491
gene-LUU82_07580	100.1950650918839	145.49172514047808	95.37887515240733	host	gene-LUU82_07580	None	None	5.7112096973235005
gene-LUU82_07115	95.4660387417581	118.98083533093005	104.03918828941421	host	argS	None	None	1.2602712380544825
gene-LUU82_10425	20.230628307116216	21.697766179252444	20.08440946672563	host	gene-LUU82_10425	None	None	0.28676051855963347
gene-LUU82_06155	14.90257083545677	17.661712906127686	14.304517928635688	host	gene-LUU82_06155	None	None	0.21045319334886767
gene-LUU82_13320	266.2905796226887	283.3782197405488	248.10295432961274	host	murA	None	None	1.2047765314184549
gene-LUU82_06650	146.64445453784413	171.40026811783628	107.62897034735647	host	gene-LUU82_06650	None	None	8.938493211217143
gene-LUU82_04405	30.649762021405465	35.618360851300054	30.84658566288191	host	gene-LUU82_04405	None	None	0.19413911916013332
gene-SAM1_00104	353.44009520358014	126.10252607565502	319.1122019540516	phage	gene-SAM1_00104	early	early	43.407316968433264
gene-LUU82_09350	19.54726837024418	40.52382519395726	19.28805504680135	host	gene-LUU82_09350	None	None	14.26244827063662
gene-LUU82_09445	6.817829950888798	6.90448444240412	6.565092294136353	host	cap8M	None	None	0.1256422235437746
gene-LUU82_01110	35.47492106828664	35.95045228190087	30.00881407762598	host	gene-LUU82_01110	None	None	0.2682217139995454
gene-LUU82_13920	165.0290351974949	186.0674963147734	151.40735397362891	host	gene-LUU82_13920	None	None	5.200324933753758
gene-LUU82_08005	3.996905148109107	6.116306465598002	6.852780305057727	host	gene-LUU82_08005	None	None	0.3275454997867474
gene-LUU82_12910	25.83441674588109	31.49967144452464	27.37375744801443	host	gene-LUU82_12910	None	None	0.2919477186929859
gene-LUU82_01520	41.63057752165857	50.886251209846854	51.701499044004755	host	ribD	None	None	1.2636328198209577
gene-SAM1_00028	470.61780818389065	143.05154044936458	255.5277030714076	phage	gene-SAM1_00028	early	early	64.83337383000512
gene-LUU82_03215	149.88732478239464	181.63066394420574	159.39795881399706	host	gene-LUU82_03215	None	None	2.0779452157813965
gene-LUU82_03080	26.142911496892467	33.688452904519686	26.758125639089332	host	bshA	None	None	0.4941731156637264
gene-SAM1_00068	6762.994208000612	1813.913698804712	922.1267730849127	phage	gene-SAM1_00068	early	early	2097.248577913812
gene-LUU82_02130	107.3796259896452	116.92405242904174	100.64086436575315	host	mreD	None	None	0.9772510612011042
gene-LUU82_02580	48.565373658173804	42.32788393390387	35.391729708047556	host	gene-LUU82_02580	None	None	0.7929720852116523
gene-LUU82_07850	24.713495227315644	25.691500353976522	20.45239017889156	host	gene-LUU82_07850	None	None	0.35558695590254064
gene-LUU82_00370	262.0254900669456	315.92259335539546	286.3203045638117	host	gatA	None	None	4.290323161463658
gene-LUU82_05760	103.45220572596389	98.58030630833098	78.87594004820664	host	gene-LUU82_05760	None	None	1.7878456944454357
gene-LUU82_05685	8.348218964489275	10.940598865642675	8.021665617500505	host	gene-LUU82_05685	None	None	0.3703839469384278
gene-SAM1_00170	1352.5433353680062	1019.228443754428	1233.8699118182396	phage	gene-SAM1_00170	early	early	20.352657312548484
gene-LUU82_02335	6.393145561948228	6.781186745386424	8.812388526953342	host	gene-LUU82_02335	None	None	0.2760107233042303
gene-LUU82_11145	7.555378973768616	8.535841916532432	6.69382715861664	host	gene-LUU82_11145	None	None	0.11094927887983003
gene-LUU82_05885	38.53394829216271	45.65551236351689	40.72804518391474	host	gene-LUU82_05885	None	None	0.6869984594457812
gene-LUU82_12765	10.540838303393405	14.963395967731822	13.723815041788576	host	gene-LUU82_12765	None	None	0.40717848582196386
gene-SAM1_00114	725.5082863246812	659.8591646515448	968.0219033985604	phage	gene-SAM1_00114	early	late	33.24113995411185
gene-LUU82_11165	39.981650800337256	43.18407157143401	37.47065220095533	host	gene-LUU82_11165	None	None	0.6027298572747236
gene-LUU82_11265	47.897533721777	58.451559958338464	72.6250875052419	host	fnbB	None	None	4.898289630105821
gene-LUU82_03915	75.33064266985508	103.85037064165097	88.41828253722332	host	gene-LUU82_03915	None	None	2.2412162926464942
gene-LUU82_04015	30.408387152275594	34.95031695216127	31.03384462805926	host	gene-LUU82_04015	None	None	0.23876655697341384
gene-LUU82_01235	51.845842003870935	50.5124134532384	51.93278843793789	host	gene-LUU82_01235	None	None	0.8414700063998234
gene-LUU82_07495	4414.897496713996	4280.324158688091	3804.911598907282	host	rplJ	None	None	41.426495660670724
gene-SAM1_00098	1585.542613445294	1679.3000536346883	1586.1471341755325	phage	gene-SAM1_00098	early	middle	29.540472771047956
gene-LUU82_07655	965.714932321247	997.0936764814656	853.0850206457861	host	gene-LUU82_07655	None	None	42.779609175805426
gene-LUU82_13685	95.20768131310923	109.08925756217843	113.77566487957739	host	gene-LUU82_13685	None	None	1.3360071365927584
gene-LUU82_10280	46.737066872359776	51.04145242535008	44.443669536929214	host	gene-LUU82_10280	None	None	0.8319022279812274
gene-LUU82_00710	98.80643852973833	190.4899206001478	534.1584061867267	host	gene-LUU82_00710	None	None	129.07585904467382
gene-LUU82_06805	4.563334497643002	4.653175909590689	4.0873649395923595	host	gene-LUU82_06805	None	None	0.06991506430108908
gene-LUU82_03565	67.95847851623309	68.07719775165275	53.28964832236712	host	gene-LUU82_03565	None	None	1.2343580454152228
gene-LUU82_13090	51.913219685422355	60.89335662657464	61.20646795020676	host	czrA	None	None	0.9915101526895435
gene-LUU82_01000	1678.7219290234632	1958.1768488499292	2149.9362005385806	host	gene-LUU82_01000	None	None	78.51851278651802
gene-LUU82_07175	9.222065311152974	13.454441024551258	12.065621521638969	host	gene-LUU82_07175	None	None	0.357340109695874
gene-LUU82_13145	92.10547767748606	132.44022308910695	115.10636820175374	host	gene-LUU82_13145	None	None	3.133926305079475
gene-LUU82_02950	35.74896998825705	34.51826551309505	28.15110254449289	host	gene-LUU82_02950	None	None	0.7053064038160987
gene-LUU82_06790	111.80782874259499	140.33455933230383	124.6519315047071	host	gene-LUU82_06790	None	None	3.8204108387024402
gene-LUU82_10325	2.6941037556201644	2.9633257638545416	2.543429748711177	host	hisD	None	None	0.027783515994936128
gene-LUU82_05860	170.34597325491265	207.93603120517824	174.36558925791698	host	lipA	None	None	2.40515200259153
gene-LUU82_01990	65.43511756204872	70.10590223637756	64.96237981147938	host	gene-LUU82_01990	None	None	0.49792534109949504
gene-LUU82_07045	27.411692014262105	23.474441429562216	25.28126633686695	host	mnhA2	None	None	0.23612474436447262
gene-LUU82_12320	66.71333701310418	82.29680640535656	71.97355393764609	host	gene-LUU82_12320	None	None	1.0429526140572456
gene-LUU82_05205	7.7163392561591735	11.060795175124492	9.93618749411192	host	gene-LUU82_05205	None	None	0.383408050903594
gene-LUU82_08955	25.89893980800707	32.65626827804652	30.093130017382432	host	gene-LUU82_08955	None	None	0.40901886573579477
gene-LUU82_10200	17.106148130382476	20.431747835987938	18.178486075921658	host	gene-LUU82_10200	None	None	0.18408622056582258
gene-LUU82_06125	11.90263429750143	16.020789375204885	17.814846550234197	host	gene-LUU82_06125	None	None	0.6253085694570176
gene-LUU82_00270	127.13226822946471	157.87584614718892	149.11697344932517	host	gene-LUU82_00270	None	None	1.7132695523229595
gene-LUU82_12285	34.9762290570448	48.67454061701085	46.70503599458154	host	gene-LUU82_12285	None	None	1.2625711493388407
gene-LUU82_13580	2.0468274963893527	2.0102994425022964	1.9608842987134842	host	ilvD	None	None	0.035468989570567766
gene-LUU82_08280	496.7389329776288	665.1357535153675	743.9108915694559	host	guaA	None	None	26.98939130735035
gene-LUU82_00245	99.22315039716416	103.28078595677131	116.5884478851425	host	gene-LUU82_00245	None	None	0.7737355293653083
gene-LUU82_09355	16.30212292701995	18.182981344027464	17.01139726725979	host	gene-LUU82_09355	None	None	0.10576372389015973
gene-LUU82_10520	38.17670429561872	69.79192315708592	62.93420660794461	host	isaB	None	None	3.5507489623885777
gene-LUU82_02475	74.01662993872237	88.63084082331335	71.91248245456983	host	gene-LUU82_02475	None	None	0.9451565230677521
gene-LUU82_00790	22.62262978185043	33.58970766723292	128.17083100681248	host	gene-LUU82_00790	None	None	36.968061614403986
gene-LUU82_07540	92.25486204232179	113.25401205792953	91.57976186041014	host	gene-LUU82_07540	None	None	2.138547763217858
gene-LUU82_05400	59.25941082445624	69.56635567395269	57.74836265289593	host	gene-LUU82_05400	None	None	0.5799707802352533
gene-LUU82_03825	12.641271398076013	16.75061234070462	17.59018115928497	host	gene-LUU82_03825	None	None	0.386019068430228
gene-LUU82_11740	60.191726211373094	70.51940039102668	63.02579472902448	host	gene-LUU82_11740	None	None	0.7552859192265757
gene-LUU82_11255	24.46030864328119	35.82941807917526	54.086427656346736	host	gene-LUU82_11255	None	None	7.044031113579588
gene-LUU82_06850	18.54537370620476	27.034126521492436	20.472487624613695	host	vraG	None	None	0.6178246688899269
gene-LUU82_04695	67.19070516997517	94.12151502836123	83.32237505964248	host	gene-LUU82_04695	None	None	1.8614452935366739
gene-LUU82_01010	1203.21907501436	1295.5372279896098	1302.0629993125779	host	gene-LUU82_01010	None	None	31.253693838452605
gene-LUU82_02430	20.771335910632004	21.8150844267446	17.02348643389911	host	holA	None	None	0.3640327360767855
gene-LUU82_12680	4148.876120299231	4117.926025255214	3916.8577781915374	host	rpsK	None	None	47.23802538882298
gene-LUU82_10210	4.078816411704362	4.6625299171004855	4.2079511160210865	host	vraH	None	None	0.044530618099716646
gene-LUU82_02695	159.1369548527416	207.57289692050733	198.26457792592672	host	gene-LUU82_02695	None	None	3.0755143876487776
gene-LUU82_10720	1047.747665919868	1192.5837198110062	1215.2835153822707	host	mqo	None	None	9.879643453704446
gene-LUU82_11495	34.11716684296116	32.59548735061083	33.28367611402975	host	gene-LUU82_11495	None	None	0.38216317089200363
gene-LUU82_10035	30.5992881100649	39.67291033575392	41.618428609315416	host	adsA	None	None	1.2581646733164753
gene-LUU82_13485	352.26413487377005	381.0248681644264	356.071472239138	host	gene-LUU82_13485	None	None	3.1064769843070184
gene-LUU82_11805	14.899816695573236	65.93259923543414	9.26765091845627	host	nirD	None	None	88.65010493228519
gene-LUU82_03230	129.2722176146727	155.88342399342653	144.8382438423251	host	gene-LUU82_03230	None	None	1.4568541651005684
gene-LUU82_07325	14.561346350747877	16.469602819530596	14.929057610026177	host	gene-LUU82_07325	None	None	0.14317821299654046
gene-LUU82_05175	1206.5155301617353	1248.9100140404003	875.1671478820994	host	qoxD	None	None	41.43810999901199
gene-LUU82_00810	252.75048359210487	280.63813423378093	286.80939570469934	host	gene-LUU82_00810	None	None	3.0549316583874586
gene-LUU82_05820	191.58097763061937	248.26794233511518	182.29525282071032	host	dltA	None	None	6.274378455544259
gene-LUU82_02375	82.8883328382242	93.5746191687694	78.66326448669258	host	gene-LUU82_02375	None	None	0.7947323815634856
gene-LUU82_09835	8.217570217154917	9.084285121553352	7.7264383867878195	host	gene-LUU82_09835	None	None	0.12554741875358738
gene-LUU82_04265	100.62409598051953	113.55519155083522	99.62517968065104	host	gene-LUU82_04265	None	None	0.7150183846849585
gene-LUU82_05415	69.20285670961928	81.93537525646657	78.23860902187413	host	gene-LUU82_05415	None	None	0.7292447214264806
gene-LUU82_06735	61.80546687449242	68.15245309553056	55.896385990158215	host	gene-LUU82_06735	None	None	0.6786416019417431
gene-LUU82_07915	60.84861713538439	73.4165560978376	64.54457428084605	host	dnaX	None	None	0.6658870217135857
gene-LUU82_00545	638.6627326261454	733.9450464469604	731.2550089459701	host	gene-LUU82_00545	None	None	4.140626002092922
gene-LUU82_05440	51.88121640493239	61.33116720110238	55.44805220816227	host	gene-LUU82_05440	None	None	0.5578716252130123
gene-LUU82_06295	50.61874282652232	58.46086715625969	50.489736981250665	host	whiA	None	None	0.4712065601704429
gene-LUU82_05800	255.11188394762326	330.40933315923803	296.2354651461272	host	gene-LUU82_05800	None	None	7.71338686136438
gene-LUU82_13020	91.79906990613922	125.24609163629349	115.21916858399969	host	glmM	None	None	2.2747891596866068
gene-LUU82_13190	1426.0125594337223	1930.897260055907	1691.694910180718	host	gene-LUU82_13190	None	None	28.417767528705873
gene-LUU82_06470	29.086061821503876	53.267437798133564	25.14320638208048	host	gene-LUU82_06470	None	None	5.075316062304259
gene-LUU82_10735	1.97807335590318	2.1592498870205232	2.190962618387762	host	gene-LUU82_10735	None	None	0.03162521076796505
gene-LUU82_10060	81.58379231310559	97.9476729531769	90.10571752259352	host	yycF	None	None	1.1197324365891683
gene-LUU82_05815	179.58932412407762	242.44979806068397	180.65153097442	host	dltB	None	None	5.481663641591223
gene-LUU82_10990	3.9650468296642836	3.956369375051328	3.5378726070373308	host	gene-LUU82_10990	None	None	0.07627985284067867
gene-LUU82_06185	3.0305706643417367	3.5008971138521083	3.072909915624484	host	emp	None	None	0.03509435311489074
gene-LUU82_08680	1.0811879169687468	0.9544917926215227	0.8657798328092964	host	gene-LUU82_08680	None	None	0.01610495651133219
gene-LUU82_11640	1.737309133688407	1.9240568906742694	0.8409610038067704	host	gene-LUU82_11640	None	None	0.21005778491640675
gene-LUU82_14040	16.015750107645655	20.04065609130526	16.152494722420645	host	gene-LUU82_14040	None	None	0.7860063039994091
gene-LUU82_08025	64.5497674337515	51.44441296380972	42.216270785452316	host	gene-LUU82_08025	None	None	1.697445867859627
gene-LUU82_06820	34.88024746503779	48.919748662994664	44.07385874646112	host	sarX	None	None	2.625708905146242
gene-LUU82_11995	85.34675091877718	80.53307338241541	79.9333441144604	host	gene-LUU82_11995	None	None	0.2223407132161953
gene-LUU82_10415	15.839755140197525	16.01763293951387	15.39393397679251	host	gene-LUU82_10415	None	None	0.2370752995872113
gene-LUU82_13395	57.497385032803884	77.3624168043993	64.42355846513367	host	gene-LUU82_13395	None	None	1.1560034135193342
gene-SAM1_00076	1040.2402038832145	2845.264241832702	2846.879344317343	phage	gene-SAM1_00076	early	late	367.781096368247
gene-LUU82_10945	21.500715036621994	19.56233003330142	18.374702764178647	host	gene-LUU82_10945	None	None	0.32053925493821206
gene-LUU82_00130	14.66344057755044	15.973791643211982	13.027941172077284	host	sak	None	None	0.14872748901195923
gene-LUU82_04335	58.16768585100582	66.11104348252739	56.33771215403991	host	rpe	None	None	0.5355089035301799
gene-LUU82_06195	67.69139217232814	56.25099699209118	48.67115600989816	host	clfA	None	None	1.6598851519987818
gene-LUU82_06610	96.57346363288336	167.36143938091934	237.16368078889903	host	gene-LUU82_06610	None	None	25.472018415426508
gene-LUU82_06905	6.818714869378369	8.907195841608301	6.752214711417138	host	dhaL	None	None	0.19750821406881758
gene-LUU82_08400	5134.386729036855	5230.289497295646	4500.9567914709305	host	rpsR	None	None	45.21110799188957
gene-LUU82_07840	35.51786469386729	36.584619778627406	30.239514088020652	host	rsmI	None	None	0.3419722070065528
gene-LUU82_13725	8.178246658351934	10.281493423297116	8.555877175647746	host	gene-LUU82_13725	None	None	0.13269295229185832
gene-LUU82_00105	39.992075794813324	52.130576437608426	45.991370312617654	host	sep	None	None	0.9568422967501823
gene-LUU82_01475	6.513719832636567	7.4478186752613516	6.561940255248037	host	sdpA	None	None	0.04193956779363402
gene-SAM1_00141	1126.0052104619738	323.59791470934033	185.46189941828388	phage	gene-SAM1_00141	early	early	317.1056455566218
gene-LUU82_01970	57.063586816501974	68.79161872551161	62.413197015871674	host	gene-LUU82_01970	None	None	0.6678675603294362
gene-SAM1_00203	130.70100119286	44.30269878204283	208.70355400610296	phage	gene-SAM1_00203	early	late	37.868847817886255
gene-LUU82_08270	23.6023610445209	24.605484709811034	22.223852916771055	host	gene-LUU82_08270	None	None	0.2842278448983895
gene-LUU82_05950	81.1712760260522	82.18893783528442	84.17129101918441	host	gene-LUU82_05950	None	None	1.894852799591501
gene-LUU82_01050	4.869598564406562	8.809532351717742	6.935253149076942	host	gene-LUU82_01050	None	None	0.9090487277518986
gene-LUU82_00955	1374.1410646262084	1851.5676112493095	1810.0432598810294	host	gene-LUU82_00955	None	None	63.09322656425637
gene-LUU82_13310	11.362383088608906	10.552653790521314	10.656352139318514	host	gene-LUU82_13310	None	None	0.2984123147793875
gene-LUU82_04480	118.9740766249332	130.76736495593602	113.44376180568175	host	ileS	None	None	1.0524481662669696
gene-LUU82_12550	6860.101800408546	6021.816832750316	5395.713863724962	host	rpsJ	None	None	153.31630759266423
gene-LUU82_04075	76.73767583840592	79.72064315635106	69.83816382522112	host	ribF	None	None	0.6938549265025836
gene-LUU82_04070	2314.6144984122125	1984.8947558647033	1659.7250102444325	host	rpsO	None	None	72.10723538279406
gene-LUU82_12365	1.99607919526806	2.6628754813650244	2.416622995747305	host	yut	None	None	0.047113573104403936
gene-LUU82_08580	6.310702234264806	6.5628788681872585	6.155678954668279	host	gene-LUU82_08580	None	None	0.12876013345272383
gene-LUU82_05230	6.708132345182882	7.491051896692544	7.064336050931889	host	sspB	None	None	0.07490252625243618
gene-LUU82_03885	7.617582779541917	7.261048725886828	6.991502978038549	host	gene-LUU82_03885	None	None	0.100027433603468
gene-LUU82_01510	78.84455304588062	75.2598613322026	61.99629115625925	host	gene-LUU82_01510	None	None	0.993388909041482
gene-LUU82_07715	223.29924600918102	325.7067856597876	295.8126621676104	host	cysK	None	None	8.45372637466937
gene-LUU82_12770	34.77652099956961	49.29650322188991	41.93642602084204	host	gene-LUU82_12770	None	None	0.9787124769282868
gene-LUU82_12415	45.890467419651024	54.09307656794966	50.32713920136058	host	gene-LUU82_12415	None	None	1.0583205622297172
gene-LUU82_08640	0.9338747264493471	0.9625102584861621	0.8462075694319813	host	gene-LUU82_08640	None	None	0.017052505694813033
gene-LUU82_10760	80.20045035645329	90.14460453408533	76.72532553953714	host	panB	None	None	1.26064876609816
gene-LUU82_09715	6.326758974954682	7.791810666138727	7.993746648322833	host	gene-LUU82_09715	None	None	0.13838872649616535
gene-LUU82_09915	65.5757442160238	73.80664064784146	65.77700543203959	host	gene-LUU82_09915	None	None	0.3034318060161149
gene-LUU82_03785	3.8754555768808445	4.325988305573975	3.904360402517192	host	gene-LUU82_03785	None	None	0.054546639884095034
gene-SAM1_00088	4406.619605334854	1774.974234367903	1352.3682020514987	phage	gene-SAM1_00088	early	early	739.1490334705695
gene-LUU82_04300	169.74312627706558	224.99074054113473	181.73105789978635	host	plsX	None	None	4.182918520944098
gene-LUU82_06815	138.67438480647073	181.00131768886214	153.3258966189933	host	gene-LUU82_06815	None	None	2.120026864123863
gene-LUU82_11630	1.6400757408207092	1.9843976221330861	1.515275071091114	host	gene-LUU82_11630	None	None	0.06444666213984422
gene-LUU82_01105	393.5023236050269	315.0421844033089	228.01544197356245	host	gene-LUU82_01105	None	None	17.012911363642406
gene-LUU82_01720	50.7592510211968	63.89769753779775	44.37974471868122	host	gene-LUU82_01720	None	None	2.1534939461012077
gene-LUU82_13800	293.82227666435284	310.64962049650927	273.0602181190696	host	gene-LUU82_13800	None	None	5.630312080221574
gene-LUU82_06785	50.88928017551632	60.57275456711358	52.10488984024871	host	gene-LUU82_06785	None	None	0.6114143664408301
gene-LUU82_12045	38.90843470170927	51.49335041619705	42.78911603151695	host	gene-LUU82_12045	None	None	0.8635915244149703
gene-LUU82_06150	52.72022032334337	61.92522369656469	53.55925518678841	host	gene-LUU82_06150	None	None	0.7088547978891722
gene-LUU82_13795	357.94609229073427	380.8265574979089	326.8825479439925	host	gene-LUU82_13795	None	None	7.899208480078714
gene-LUU82_03220	141.32052941457087	164.95239096045523	147.46989217493265	host	gene-LUU82_03220	None	None	1.3651090211700327
gene-LUU82_05375	53.51369452232881	60.717971351623454	52.0724322619923	host	gene-LUU82_05375	None	None	0.40028104500922
gene-LUU82_12145	3.8999433233525527	5.757810673161273	6.016052417709403	host	gene-LUU82_12145	None	None	0.22857884803318598
gene-LUU82_09075	5.528150218081024	7.0389073271606	5.08993825737112	host	gene-LUU82_09075	None	None	0.18689171198656634
gene-LUU82_13045	11.535735848463661	12.072448728109306	10.346979979992197	host	gene-LUU82_13045	None	None	0.17980642525339757
gene-LUU82_03345	43.92040772028943	55.18984253343252	48.218626809542116	host	gene-LUU82_03345	None	None	0.7180281306791297
gene-LUU82_00785	27.74267637490208	42.739729770747964	152.5297902017393	host	gene-LUU82_00785	None	None	42.084181176892905
gene-LUU82_11635	2.966050990207668	3.7475348145296756	2.986299335700897	host	gene-LUU82_11635	None	None	0.07945312276123423
gene-LUU82_01115	758.4708483759941	1059.9214619602278	908.7575867390342	host	gene-LUU82_01115	None	None	23.271750088650684
gene-SAM1_00208	86.91828718033575	29.104523184617282	149.25816898145365	phage	gene-SAM1_00208	early	late	29.66432861881933
gene-LUU82_01040	1864.4158101594119	2008.4316479964293	2054.097933756424	host	gene-LUU82_01040	None	None	50.29134681096176
gene-LUU82_11460	24.923614727403514	31.61638104958715	22.923674734535354	host	gene-LUU82_11460	None	None	0.7154110068793734
gene-LUU82_13750	22.099580863767756	28.87338451174763	21.00320349588812	host	sph	None	None	0.637194875400379
gene-LUU82_01305	2.1240888702192584	2.224234181294048	1.9746171940797375	host	splE	None	None	0.0189636727777751
gene-LUU82_13865	104.6944067891792	109.82668081078187	94.89258496561168	host	gene-LUU82_13865	None	None	3.049132043328552
gene-LUU82_07155	33.87692996270811	43.707724515467994	38.104411449524	host	gene-LUU82_07155	None	None	0.6594914697658758
gene-LUU82_09390	3.001558071045192	5.707554177914247	5.9674868640806205	host	gene-LUU82_09390	None	None	0.5828615804570982
gene-LUU82_04230	31.817557722573287	30.986681134619833	27.736776751312405	host	ylqF	None	None	0.15063122822490577
gene-LUU82_05605	2.539755903774991	3.023183767562864	2.484074107161909	host	gene-LUU82_05605	None	None	0.05232373511643784
gene-LUU82_01525	26.896298172016504	32.012687692122235	32.23441140742702	host	gene-LUU82_01525	None	None	0.7004846790363419
gene-LUU82_11845	26.07650666164912	68.31926408399485	25.898408178383093	host	nreC	None	None	35.304906553077885
gene-LUU82_07650	732.0460628601589	749.8701899045436	607.6991892950265	host	gene-LUU82_07650	None	None	32.49662434992101
gene-LUU82_10600	26.63678724554229	32.107932618445915	28.527462018895225	host	nsaS	None	None	0.40024611029433954
gene-LUU82_07635	3815.365148954045	3803.8444269061224	3663.9068462887954	host	gene-LUU82_07635	None	None	57.79069332720377
gene-LUU82_03255	139.15204971673606	178.81011915080327	166.19215212059981	host	msrB	None	None	3.333479173436813
gene-LUU82_07490	2764.2124246093385	2863.3531571223198	2342.4697459752842	host	rplL	None	None	86.41028361047158
gene-LUU82_09160	10.046728028061102	11.906127544574701	10.793741941523306	host	gene-LUU82_09160	None	None	0.17499134964696003
gene-LUU82_03280	101.3607077798069	102.47886459635895	94.43536511006643	host	gene-LUU82_03280	None	None	1.3466323274686207
gene-LUU82_02525	70.11270576613317	81.12421240497584	71.17619596543918	host	era	None	None	0.6346875916569493
gene-LUU82_09085	37.33055904292394	46.408995536784396	43.00420230906792	host	gene-LUU82_09085	None	None	0.7076610672121489
gene-LUU82_06985	15.592068374631651	15.690337826666392	13.331914244149795	host	gene-LUU82_06985	None	None	0.14272800393958313
gene-LUU82_05575	232.85795249649357	290.78243564195486	272.3237879279149	host	gene-LUU82_05575	None	None	4.371066804250449
gene-LUU82_07510	332.2187422932681	362.7732637031374	285.5351576622526	host	nusG	None	None	3.396455095727904
gene-LUU82_13755	23.035652776194073	27.893080602367633	20.700639124891193	host	gene-LUU82_13755	None	None	0.44148243740852194
gene-SAM1_00185	495.118114074771	278.37606301651067	717.6933843432558	phage	gene-SAM1_00185	early	late	69.34177008835236
gene-LUU82_13410	578.4996499906598	610.225060735146	499.5718747178967	host	gene-LUU82_13410	None	None	6.395084012029151
gene-LUU82_00680	34.22171322056844	59.94047688862099	125.14483659510984	host	gene-LUU82_00680	None	None	20.441489875097552
gene-LUU82_02285	92.93857450195604	96.58008778469836	82.05790396645601	host	alaS	None	None	1.0418160259627853
gene-LUU82_04170	136.62994201334777	133.69950552124374	100.8473276419438	host	codY	None	None	2.3924531204524144
gene-SAM1_00064	719.1203922549779	237.92756109390731	400.03577338593294	phage	gene-SAM1_00064	early	early	90.18289593629113
gene-LUU82_04395	356.1798617543737	410.7640416859421	347.81879584930294	host	rpoZ	None	None	3.3682043544174642
gene-LUU82_06620	129.8701238187781	184.1230752220697	201.97762049132825	host	saeR	None	None	7.124057288595582
gene-LUU82_01640	80.04545039009629	108.09968625000238	90.50638589862517	host	gene-LUU82_01640	None	None	2.480785603349934
gene-LUU82_03490	16.615945025726877	17.13333607624755	14.836520070380361	host	gene-LUU82_03490	None	None	0.14155199989697956
gene-LUU82_04225	40.221202684398826	38.66699460208531	35.366936718553	host	gene-LUU82_04225	None	None	0.20608273571593366
gene-LUU82_00520	123.12132602181153	157.59249242310102	138.02211509149365	host	gene-LUU82_00520	None	None	2.229970256958575
gene-LUU82_06340	80.3536353678155	80.35773327512024	58.7954289000889	host	uvrB	None	None	1.6920868621933385
gene-LUU82_13735	11.172518487801982	13.998666750376444	13.25485551503923	host	gene-LUU82_13735	None	None	0.29761566664468453
gene-LUU82_13935	26.417900882158424	28.944339758254575	23.10005738842059	host	gene-LUU82_13935	None	None	0.28133880585660864
gene-LUU82_04730	30.39346709063067	35.600436794406534	33.394094561413176	host	gene-LUU82_04730	None	None	0.3130835812766433
gene-LUU82_01820	74.69720398090878	61.11753450002339	47.23958672908424	host	thiI	None	None	2.394843840338859
gene-LUU82_08295	226.53706700876145	319.33444855011834	353.7542138043177	host	xpt	None	None	13.337019529150188
gene-SAM1_00136	2532.104151066776	786.1277165654129	905.3777335592176	phage	gene-SAM1_00136	early	early	465.85536030550287
gene-LUU82_09820	10.089280987100118	9.595439348348703	8.54067517073459	host	gene-LUU82_09820	None	None	0.08245525026335407
gene-LUU82_04330	57.19359674285314	64.71998321212794	55.543342580807625	host	gene-LUU82_04330	None	None	0.5881601493364075
gene-LUU82_12095	71.77152973421855	77.22335946637132	66.57891978152277	host	gene-LUU82_12095	None	None	1.0280373506519689
gene-LUU82_09205	3.048379842593992	4.192529813815121	2.7260166243140636	host	gene-LUU82_09205	None	None	0.4898995849561287
gene-SAM1_00232	1891.917024071677	940.8509390898474	1743.6271479193917	phage	gene-SAM1_00232	early	early	128.0156630201453
gene-LUU82_00800	129.686549109494	163.91264771822088	194.04176267569247	host	gene-LUU82_00800	None	None	5.115525515420231
gene-LUU82_01165	36.674818065328445	47.57697301002008	40.39055430967942	host	gene-LUU82_01165	None	None	0.7106609844247661
gene-LUU82_01975	76.39419453549395	89.38649981670017	83.13660941992737	host	dnaI	None	None	0.5794948506791251
gene-LUU82_00870	39.29728345845447	49.182608427819126	42.86183260975239	host	gene-LUU82_00870	None	None	0.6149112312440647
gene-LUU82_06380	59.09154384651026	84.1102487410096	77.00655499609009	host	raiA	None	None	2.5619812712446643
gene-LUU82_08265	16.352961375300605	18.53759449788928	16.41802043308634	host	gene-LUU82_08265	None	None	0.2859891536747062
gene-LUU82_09765	37.806083022152485	47.329004259790516	45.4439517026284	host	gene-LUU82_09765	None	None	0.6725174448215443
gene-LUU82_11685	2.3396750151685324	2.6220194432451813	2.332474338379107	host	hlgA	None	None	0.05060360923424377
gene-SAM1_00120	2718.8601756794146	2061.768421425016	2655.7636391489905	phage	gene-SAM1_00120	early	early	57.89507046276903
gene-LUU82_10700	39.629579692118654	46.29840672939816	37.970888579712955	host	gene-LUU82_10700	None	None	0.9014618839677764
gene-LUU82_12185	6.690900180695184	6.554064228318403	6.852058976824501	host	gene-LUU82_12185	None	None	0.0441477562117675
gene-LUU82_05625	52.83900062275578	67.65817872856604	54.940691083265506	host	gene-LUU82_05625	None	None	1.1609170105007312
gene-SAM1_00062	2079.789825380089	600.9255487628534	650.0636160328703	phage	gene-SAM1_00062	early	early	429.63225543205124
gene-LUU82_05545	6.494427607309036	9.308867751798324	12.828124878135897	host	gene-LUU82_05545	None	None	1.0453730516613622
gene-LUU82_13990	5.823739631946896	7.4351336651529225	6.078085184499865	host	gene-LUU82_13990	None	None	0.34566027537880323
gene-LUU82_08040	50.13691852080839	64.23158733116112	59.77553393297081	host	gene-LUU82_08040	None	None	1.317404004762333
gene-LUU82_06970	112.32175768708713	131.44441265517295	103.65123259051715	host	tagG	None	None	1.2959798459097405
gene-LUU82_13015	65.13775307248619	88.64312527201707	81.53930896610025	host	gene-LUU82_13015	None	None	1.590260824483922
gene-LUU82_09325	35.8823576394507	50.374881208846354	55.13573636087349	host	gene-LUU82_09325_gene_brnQ	None	None	1.694365648903719
gene-LUU82_06075	26.807323155895173	34.43511103176599	31.358413046256135	host	gene-LUU82_06075	None	None	1.3696078664765892
gene-LUU82_08060	28.82249388467855	34.508058176846326	32.52305769209483	host	gene-LUU82_08060	None	None	1.1677995063971518
gene-LUU82_07740	571.0064003960332	726.8160348944724	597.2083241502995	host	gene-LUU82_07740	None	None	8.547859731550227
gene-LUU82_13085	33.21091861299195	39.97483091796282	39.86854171221234	host	czrB	None	None	0.5573280123413706
gene-LUU82_08340	28.66631393427532	35.179385272840335	29.285594827116853	host	gene-LUU82_08340	None	None	0.4395140491322208
gene-LUU82_00395	53.19299971065274	56.907153785130504	51.53250095700753	host	gene-LUU82_00395	None	None	0.32831780130820043
gene-LUU82_10000	23.52506040715485	31.346895608184777	23.269269417170136	host	gene-LUU82_10000	None	None	0.7526458983077915
gene-LUU82_10080	118.24779834919593	138.37820658297304	126.899336752108	host	dnaB	None	None	2.399719690686356
gene-LUU82_03390	4.8632609890869505	6.518245483860203	6.481048072478953	host	dapD	None	None	0.1933524880302675
gene-LUU82_12540	410.26317771430894	458.13669744556796	364.89613493711994	host	gene-LUU82_12540	None	None	5.568053286934317
gene-LUU82_00065	3.9719801703280537	4.274303867949727	3.861733185161649	host	gene-LUU82_00065	None	None	0.015134597313647623
gene-LUU82_03680	152.5482451520787	161.3260278024945	130.719505288088	host	lexA	None	None	1.5700130260708376
gene-LUU82_07395	62.83625318580226	78.2742434786724	73.45599630387886	host	gene-LUU82_07395	None	None	1.28122278384894
gene-LUU82_11645	1.7419514385069956	2.2656114495701973	1.869271004294327	host	bioD	None	None	0.03986810691410961
gene-LUU82_05160	1031.8037779518666	1069.007539185414	731.3902791397917	host	qoxA	None	None	44.82746185913181
gene-LUU82_04165	230.2752820333782	183.7166841056187	129.4246703232785	host	gene-LUU82_04165	None	None	9.982660298477015
gene-SAM1_00158	1418.8154337688202	474.13944571979715	817.734684350924	phage	gene-SAM1_00158	early	early	174.08093926235046
gene-LUU82_14045	17.082479955675826	18.882547865876642	17.250234402768328	host	cadD	None	None	0.24864848813396417
gene-LUU82_13235	51.660419802573266	57.21577629432297	52.95023055165651	host	gene-LUU82_13235	None	None	0.7140107679712745
gene-LUU82_08300	86.6472998558184	99.1211003011141	93.95395700455606	host	gene-LUU82_08300	None	None	1.0787127162970422
gene-LUU82_01755	86.64504017432982	101.57451510903756	88.95665544954436	host	gene-LUU82_01755	None	None	0.9040636874428307
gene-LUU82_11075	23.663521181240203	31.79704751355474	27.34756187562732	host	gene-LUU82_11075	None	None	0.6658025306734985
gene-SAM1_00223	607.2592090091431	415.07745246726154	506.2472435952538	phage	gene-SAM1_00223	early	early	14.553187607889242
gene-LUU82_13450	40.918757528690314	48.39460172294854	43.7054280202322	host	gene-LUU82_13450	None	None	1.3037029462373655
gene-SAM1_00013	281.25461444722276	113.95538299643503	181.55169557357252	phage	gene-SAM1_00013	early	early	26.537026381383136
gene-SAM1_00217	161.90469713321752	61.88112988914711	223.64241127542655	phage	gene-SAM1_00217	early	late	33.29155496815731
gene-LUU82_10935	21.193568136025352	19.14993360481617	17.533573865095523	host	gene-LUU82_10935	None	None	0.2790660419454414
gene-LUU82_07600	91.13784496484432	139.2205123924929	141.8842341725016	host	pdxS	None	None	4.6257205357253
gene-SAM1_00151	5063.247644883012	4792.278254478397	4380.697012454418	phage	gene-SAM1_00151	early	early	93.44335347178199
gene-LUU82_11880	103.34850269665806	101.81907369373165	101.19472861058999	host	gene-LUU82_11880	None	None	1.49351476354294
gene-SAM1_00069	673.2782411031407	175.1408820212208	188.11116753067654	phage	gene-SAM1_00069	early	early	161.64967033799584
gene-LUU82_11045	8175.415049563766	9256.543810033372	9676.92969113718	host	gene-LUU82_11045	None	None	177.01765002480388
gene-LUU82_02725	263.81317742019183	278.6277065521429	241.93597199356793	host	accB	None	None	3.0610554528864307
gene-LUU82_12040	57.68195839452105	72.0425699499129	65.35991665400844	host	gene-LUU82_12040	None	None	0.8653696578629547
gene-LUU82_12990	1747.3753252778681	1646.8614216285987	1486.951973254784	host	gene-LUU82_12990	None	None	29.037442206042257
gene-LUU82_12385	54.37611610356421	58.944804430630874	49.65140349320949	host	gene-LUU82_12385	None	None	0.38230182865836976
gene-LUU82_04350	147.9073893347752	143.51247413874933	125.47643760460751	host	gene-LUU82_04350	None	None	1.3308414025674904
gene-LUU82_12590	3926.45916330111	3648.1429448978183	3403.0891995852035	host	rplP	None	None	87.2167177843655
gene-LUU82_09180	101.27425859293119	93.6676215108103	87.72951212855803	host	gene-LUU82_09180	None	None	4.474460297840024
gene-LUU82_09610	1.67140916654167	1.7710259244529685	1.720060338931729	host	gene-LUU82_09610	None	None	0.008734489476947074
gene-LUU82_12325	147.7808616117849	200.510749328687	207.51014587437393	host	sarR	None	None	6.20851142767344
gene-SAM1_00146	642.3418379395589	201.10308875816972	394.4280949398315	phage	gene-SAM1_00146	early	early	82.75131170358915
gene-LUU82_06165	47.60621456142155	56.6763849263613	52.69390376268194	host	gene-LUU82_06165	None	None	0.9445351396976432
gene-LUU82_05825	357.433754775971	465.2392020007787	338.15101031196644	host	gene-LUU82_05825	None	None	13.09717745894703
gene-LUU82_12705	61.87155885306256	71.33899866901709	64.48045408119269	host	gene-LUU82_12705	None	None	0.7098316472830236
gene-LUU82_03640	21.43240748510658	23.763297403152606	20.56867085120477	host	gene-LUU82_03640	None	None	0.18070815763111672
gene-LUU82_09845	64.79037553017697	56.29594345827153	42.298276934661054	host	gene-LUU82_09845	None	None	1.8202287223064995
gene-LUU82_04205	4.018346746436673	3.912092620413349	3.3255371495064323	host	fmhC	None	None	0.04409455484794864
gene-LUU82_00970	311.4609320830507	451.2610884115058	430.01924545667663	host	gene-LUU82_00970	None	None	29.35383708175302
gene-LUU82_11095	187.88088266425424	155.25844043951815	96.0687721550318	host	gene-LUU82_11095	None	None	11.370715628968423
gene-LUU82_00440	13.396167505282287	16.585825593677352	14.382310443627714	host	gene-LUU82_00440	None	None	0.18441527187215556
gene-LUU82_03300	43.16374525329912	47.85344505239848	48.80041811856313	host	arlR	None	None	0.5868829760147349
gene-SAM1_00108	3143.0319985294896	1729.730369834501	1789.4918713972966	phage	gene-SAM1_00108	early	early	218.27919073159066
gene-LUU82_05535	6.799216254662086	9.740359381736004	12.258549453284866	host	gene-LUU82_05535	None	None	0.738532816309223
gene-LUU82_03570	40.908148673905124	51.08069325961995	47.222588453591605	host	gene-LUU82_03570_gene_msrA	None	None	1.1282200901089656
gene-LUU82_05900	20.059439122130634	20.064776190023668	20.14855042469959	host	gene-LUU82_05900	None	None	0.0727223004249512
gene-LUU82_09770	26.75321277814011	34.09072388911241	33.61656148837792	host	gene-LUU82_09770	None	None	0.5823210266960923
gene-LUU82_01920	32.56676288300472	38.5521932174865	42.49695969373955	host	gene-LUU82_01920	None	None	0.6220945714536336
gene-LUU82_04495	253.9253020037157	274.27021503226865	237.72813519295542	host	gene-LUU82_04495	None	None	1.436813078306727
gene-LUU82_12115	140.45714997431284	152.42164604536444	137.9108808589459	host	sdpC	None	None	0.6608439052707775
gene-SAM1_00187	685.5847718133697	371.2239759039805	976.5459009615155	phage	gene-SAM1_00187	early	late	99.21777674499836
gene-SAM1_00085	1999.1558106048712	918.5357418978859	698.1644349400707	phage	gene-SAM1_00085	early	early	275.309739437282
gene-LUU82_05050	1792.4345314653008	2097.149870365544	1927.5718290967022	host	gene-LUU82_05050	None	None	18.470130772982515
gene-LUU82_02025	514.8441420848523	581.7991515416574	475.6340897498839	host	tig	None	None	6.0368083927947715
gene-LUU82_08630	29.198359998687398	35.91385799756289	33.01608882256169	host	gene-LUU82_08630	None	None	0.39833489595880467
gene-LUU82_03560	190.83838683222595	252.32706706268445	226.94959093142583	host	gene-LUU82_03560	None	None	4.109953193587632
gene-LUU82_02440	96.88197732293169	99.42442950535603	79.50179886682012	host	lepA	None	None	0.993049327712896
gene-LUU82_10440	12.222014036803253	16.12876215695898	18.399463725305527	host	sasA	None	None	0.5772027410889353
gene-LUU82_09415	3.023176740603502	4.476270260379234	3.872863007800594	host	gene-LUU82_09415	None	None	0.13275904863121965
gene-LUU82_02685	41.48671774892579	54.674922426594065	49.83517972372217	host	gcvPA	None	None	1.1987354640417214
gene-LUU82_04175	129.28547625249166	119.67971805117288	92.06419355741475	host	hslU	None	None	2.676245937001755
gene-LUU82_09660	2.838242813969915	5.2523801556912515	3.3653103065382233	host	sbnD	None	None	0.3214540515681526
gene-LUU82_01425	23.920538434531135	29.651750824966012	24.602216029450474	host	ytkD	None	None	0.46550005825742424
gene-LUU82_10650	2.6793895056188863	3.3099574295129055	3.116629933863712	host	gene-LUU82_10650	None	None	0.036854538171185794
gene-SAM1_00038	346.6977453317333	153.85847427035125	376.6162318533208	phage	gene-SAM1_00038	early	late	41.07577948079454
gene-LUU82_06680	32.08066861833411	44.983119132648504	39.323523093271405	host	gene-LUU82_06680	None	None	0.7856192457022568
gene-LUU82_05505	112.14292271729259	138.92170370109787	130.213009082215	host	trpS	None	None	1.6817542118076965
gene-LUU82_06140	419.31415081608907	356.4454969392234	338.1712710515367	host	gene-LUU82_06140	None	None	8.204110615596957
gene-LUU82_08555	17.966682488467985	23.98965000892098	19.076204032320277	host	gene-LUU82_08555	None	None	0.4844896158370239
gene-LUU82_10970	17.532561131567032	19.022587091851175	18.346914487224833	host	gene-LUU82_10970	None	None	0.2424799515649791
gene-LUU82_02435	3577.6208837375343	3221.6040527108166	2963.4469059292605	host	rpsT	None	None	44.8595627115579
gene-LUU82_07195	13.596465932530869	20.475235991587834	17.83050071832253	host	gene-LUU82_07195	None	None	0.5514634329519522
gene-LUU82_02700	44.40974640667637	51.896034056672285	43.18182989920165	host	gene-LUU82_02700	None	None	0.7275129586250841
gene-LUU82_10825	15.425044416856727	20.29413523707967	17.803402607741152	host	gene-LUU82_10825	None	None	0.4900991200503563
gene-LUU82_06950	66.7023745015569	76.55101468746723	65.0328782313243	host	pbp4	None	None	0.43124525546376874
gene-LUU82_03550	47.262186960912935	51.876433124919366	46.73543338406122	host	gene-LUU82_03550	None	None	0.37489240493351733
gene-LUU82_00325	7.308314038021337	8.647579844214988	8.866893076501022	host	scpA	None	None	0.09217926747597008
gene-LUU82_08635	66.58367456017895	83.4212041133052	104.2831943299276	host	lip2	None	None	4.779020910281502
gene-LUU82_10860	10.617786443057847	14.83356704050388	12.348696758846188	host	gene-LUU82_10860	None	None	0.4836839280099861
gene-LUU82_01580	88.97563251959609	109.9477067973581	93.68860226875644	host	leuS	None	None	1.230394752738094
gene-LUU82_05615	3.7824731827651075	4.124647962801608	3.07568218094854	host	gene-LUU82_05615	None	None	0.061036004077356765
gene-LUU82_07340	12.079206636679467	17.91444021387016	16.1040149524732	host	gene-LUU82_07340	None	None	0.44277058876034714
gene-LUU82_09555	91.76678305539674	115.53751067059669	98.008628115815	host	deoB	None	None	1.6683094258716842
gene-LUU82_13700	24.733440959885645	28.81582276097001	24.508171948571697	host	gene-LUU82_13700	None	None	0.23991351890704127
gene-LUU82_12490	72.9398547395366	98.01061973772937	83.50654624890102	host	femX	None	None	1.693771168278998
gene-LUU82_03595	129.30719872006435	141.2899619841983	124.45047573252491	host	gene-LUU82_03595	None	None	1.0066251292600752
gene-LUU82_06440	30.511051083947578	35.315504439022085	31.87656773671709	host	gene-LUU82_06440	None	None	0.43425582711031224
gene-LUU82_08595	14.851677557396478	21.417179586106602	16.386134542321333	host	gene-LUU82_08595	None	None	0.632751147628096
gene-LUU82_12515	246.4360242194415	397.27193281509136	371.1716627522184	host	gene-LUU82_12515	None	None	15.555929642796217
gene-LUU82_06260	703.8407052790193	950.1964966182865	760.9425702107659	host	tpiA	None	None	44.123465964862085
gene-LUU82_04540	107.52990732898134	108.92100917263788	94.73766893629342	host	gene-LUU82_04540	None	None	0.5355770963966718
gene-LUU82_03670	48.58445177097491	66.18422666890008	57.07401268413724	host	gene-LUU82_03670	None	None	1.249744626821675
gene-LUU82_04500	287.2112647243392	320.55976014564834	286.64062694381715	host	gene-LUU82_04500	None	None	1.1825605617144594
gene-LUU82_10975	98.88721886032211	65.5692376052675	63.309111195077435	host	cwrA	None	None	4.2606459113210065
gene-LUU82_02465	109.31504038943217	146.92702052096567	111.99565323896535	host	dnaJ	None	None	2.8885991890089393
gene-LUU82_04975	75.12588646754601	72.65481652906469	69.47336780630299	host	gene-LUU82_04975	None	None	0.4192305403780518
gene-LUU82_07000	58.48176769608821	122.2699638422874	87.4878001822999	host	gene-LUU82_07000	None	None	11.771498344674246
gene-SAM1_00193	342.6959458108167	128.80621824640332	305.8573582185756	phage	gene-SAM1_00193	early	early	37.21172076059778
gene-LUU82_02220	129.20671194361344	129.80489364125881	109.49642232070268	host	aspS	None	None	1.2294075872707504
gene-LUU82_03705	1302.5264564689649	1001.464403741444	879.3125145162435	host	gene-LUU82_03705_gene_rpmG	None	None	52.57136533108433
gene-LUU82_10370	2.098649759309293	2.5968319577349863	2.220504319771232	host	icaB	None	None	0.03340076660855789
gene-LUU82_05365	3.9348889725600125	5.799983915143732	5.156060055017723	host	gene-LUU82_05365	None	None	0.4836188032763236
gene-LUU82_09495	2.8568503543289516	3.156964807348116	2.8997403129859536	host	cap8C	None	None	0.041512262013554936
gene-LUU82_03130	0.6751698822320883	0.9383704148489039	0.804269590059293	host	gene-LUU82_03130	None	None	0.04415906848174448
gene-LUU82_12280	160.87604599614468	174.70727848796443	172.2544675384365	host	gene-LUU82_12280	None	None	1.35458693000084
gene-LUU82_06495	81.38808940844814	113.8217385982778	87.9912658337388	host	nrdI	None	None	2.2473709911701887
gene-LUU82_09010	5.42902757757944	6.261276919929409	5.951700556441469	host	gene-LUU82_09010	None	None	0.04721174581169232
gene-LUU82_11025	26.614182598964607	33.452665171480476	30.553953620679156	host	gene-LUU82_11025	None	None	0.3084870669627049
gene-LUU82_05500	1275.831689727409	1258.0260781941342	1194.6175533405906	host	spxA	None	None	3.9206588960056648
gene-LUU82_13740	4.9913635606253	7.670970117372881	6.414051035633894	host	lukH	None	None	0.3378668033380809
gene-LUU82_00035	6.094632465778847	6.283124942892122	5.9600561717167215	host	gene-LUU82_00035	None	None	0.15467076072403366
gene-SAM1_00017	880.7425672465355	439.9976018258881	783.2525647190784	phage	gene-SAM1_00017	early	early	57.05646433467255
gene-LUU82_13160	144.33169378481958	182.99715600445234	156.8123663052253	host	gene-LUU82_13160	None	None	2.722390495478926
gene-LUU82_02080	40.98509820498226	51.040349373501165	44.031495513241964	host	gene-LUU82_02080	None	None	0.5179704870577291
gene-LUU82_08000	7.084547614623145	9.121383463070321	8.510293020515908	host	gene-LUU82_08000	None	None	0.21186742775841236
gene-LUU82_10050	80.3941202691235	100.15271459964758	89.3017363845965	host	yycH	None	None	1.6670256490153523
gene-LUU82_00780	22.853195509881346	35.97217295860977	134.89929367930358	host	gene-LUU82_00780	None	None	39.02162761436762
gene-LUU82_10740	30.237653116088172	39.15080385735212	43.67949699334781	host	gene-LUU82_10740	None	None	0.9656761125267752
gene-LUU82_13465	55.67560593633639	71.59500261356	65.02978976417243	host	alr	None	None	1.2583792557395406
gene-LUU82_10645	21.85323035000017	29.155854453978748	23.985380843087054	host	gene-LUU82_10645	None	None	2.0049846646322655
gene-LUU82_03575	56.84612309990829	81.89046088036474	67.02831671001833	host	mprF	None	None	1.6395982442333146
gene-LUU82_07870	277.06337683038606	340.41059887149345	288.6514223062231	host	gene-LUU82_07870	None	None	5.173171296665317
gene-LUU82_11505	67.41497803607184	66.03565530343712	62.32282603344038	host	gene-LUU82_11505	None	None	0.16247586320248572
gene-LUU82_06460	99.13850652743402	217.7191542548513	132.25526433510663	host	gene-LUU82_06460	None	None	19.56606014126291
gene-LUU82_10465	18.328616925017226	20.608740482550278	21.057830240262355	host	secA2	None	None	0.17109178683727833
gene-LUU82_07260	187.47661830846312	274.39151255073836	221.8060015603193	host	gene-LUU82_07260	None	None	8.625386926636569
gene-LUU82_12140	3.6365307014872603	3.7013484554652596	3.438529607649654	host	hutI	None	None	0.02849504833738638
gene-LUU82_00185	33.036891249127926	53.91223852463557	48.616506068550365	host	gene-LUU82_00185	None	None	2.024076504713912
gene-LUU82_00555	165.78609416920736	220.6198948673896	268.05092809036506	host	gene-LUU82_00555	None	None	10.911666535346683
gene-LUU82_01005	1917.4563936206423	2187.17102344783	2358.26714800991	host	gene-LUU82_01005	None	None	67.40201736666232
gene-LUU82_09510	2.8663243903183666	3.1960771539846378	1.7615555155156668	host	adhE	None	None	0.39880252907304126
gene-LUU82_13375	39.06239279359915	47.22278990707941	44.09165759955308	host	cls	None	None	0.5721272094166167
gene-LUU82_12055	35.300783408378884	39.752474510803786	37.37822795428294	host	corA	None	None	0.3010512084016582
gene-LUU82_00375	313.57778089528944	378.47692031911544	355.9523464398822	host	gatB	None	None	4.384315127708473
gene-LUU82_01090	68.16155594136416	79.52707965709322	66.55220516696686	host	gene-LUU82_01090	None	None	0.5164891703206334
gene-LUU82_05265	116.81285000688653	128.77209005227675	100.91876526280764	host	gene-LUU82_05265	None	None	1.7078928636517248
gene-LUU82_04110	156.7308108738457	151.50363730333711	120.09948857910295	host	rimP	None	None	2.134475625530119
gene-LUU82_03940	32.666941252224575	34.43359975915447	26.624077631581756	host	glpK	None	None	0.47220796566870293
gene-LUU82_12425	97.30084474769274	116.93742707702442	110.69223825299245	host	moaC	None	None	1.6953585484138054
gene-LUU82_13535	26.72146119571344	19.16367538271052	13.355287480575669	host	gene-LUU82_13535	None	None	1.7123071995517078
gene-LUU82_09920	78.24413114925416	98.18282806814123	91.19359264643566	host	gene-LUU82_09920	None	None	1.1130227494888965
gene-LUU82_00765	41.83740543550832	74.96238361116603	257.99761522636993	host	gene-LUU82_00765	None	None	73.61460974352721
gene-LUU82_12100	46.28488649000406	50.53611827256382	46.45871197792386	host	gene-LUU82_12100	None	None	0.37342888528192564
gene-LUU82_04690	4.669070740106232	5.693969261141894	3.8647789412957096	host	gene-LUU82_04690	None	None	0.1590992650171591
gene-LUU82_10835	2.5317905452672176	2.7089568029427387	2.2429816974611483	host	gene-LUU82_10835	None	None	0.020365414923860934
gene-LUU82_06750	81.1443787861565	87.1651058200657	82.86368388898973	host	gene-LUU82_06750	None	None	0.5324662489830544
gene-LUU82_02455	313.5643773081545	429.7086142656819	299.310285754629	host	grpE	None	None	12.616444157690605
gene-LUU82_02780	90.15062449594659	105.83611438431207	91.16478607210904	host	gene-LUU82_02780	None	None	1.3087269802887183
gene-LUU82_13635	25.09370094092661	52.522544668659584	47.94208540512926	host	gene-LUU82_13635	None	None	3.867452851402688
gene-LUU82_04440	16.01758753027073	20.132939648296205	12.735574497240057	host	gene-LUU82_04440	None	None	2.866679378270722
gene-LUU82_01825	72.75654158969463	57.27225951387763	44.511830754192914	host	gene-LUU82_01825	None	None	2.5731174346825143
gene-LUU82_06840	211.24653697446135	214.73734993015782	171.01464557760093	host	gene-LUU82_06840	None	None	2.6477245624496883
gene-LUU82_07410	66.68533750195569	76.34213198084687	62.494216581477396	host	gene-LUU82_07410	None	None	0.6290075424681509
gene-LUU82_11565	59.543633480484836	65.48654102869303	43.866378040514626	host	gene-LUU82_11565	None	None	1.9100275681156287
gene-LUU82_02355	8.618438821291138	8.948494542440933	11.382479411559023	host	gene-LUU82_02355	None	None	0.24367303651862965
gene-LUU82_10400	2.7938561092672543	3.0950223092201665	2.685939207505701	host	gene-LUU82_10400	None	None	0.033307666714710665
gene-LUU82_02360	7.050877435575853	5.093611840004745	3.4191063292614974	host	sel26	None	None	0.4589869492825361
gene-LUU82_12380	12.658592632792356	15.786642637184668	14.245264218194341	host	gene-LUU82_12380	None	None	0.2148399587859061
gene-LUU82_04360	93.35317376172365	91.99009280448674	81.32029659288247	host	rsmB	None	None	0.9595574906207593
gene-LUU82_07680	206.45153623764625	222.70108787397035	173.57837742383003	host	gene-LUU82_07680	None	None	16.93309229167705
gene-LUU82_11475	37.757560908730774	52.68660693344341	52.519045472427614	host	gene-LUU82_11475	None	None	1.3776618656576336
gene-LUU82_08380	2.191792474504481	2.3423451395326595	1.8527987291300072	host	gene-LUU82_08380	None	None	0.06776870434825973
gene-SAM1_00153	2086.894566355191	702.0293466321609	591.2455179577	phage	gene-SAM1_00153	early	early	415.3292776533101
gene-LUU82_06405	32.646918365676804	39.170169567089886	32.02044756616699	host	gene-LUU82_06405	None	None	0.3756459366161734
gene-LUU82_05765	64.29550375886434	57.649381540947296	47.79408757977592	host	gene-LUU82_05765	None	None	1.0429507082837366
gene-LUU82_08495	26.453061772152015	36.12805023079212	30.491599417967056	host	gene-LUU82_08495	None	None	0.6412543141244548
gene-LUU82_10875	15.735952772060585	18.527445000924953	15.255754340861712	host	gene-LUU82_10875	None	None	0.2004742108789596
gene-SAM1_00233	293.0436963520631	172.5688038290668	283.7364993419016	phage	gene-SAM1_00233	early	early	22.2997210582298
gene-LUU82_05065	179.0359501266355	165.71264134974743	140.47103464284214	host	gene-LUU82_05065	None	None	2.8657309091508743
gene-LUU82_06880	30.39523028049315	34.6718171784088	31.339386184236748	host	gene-LUU82_06880	None	None	0.3603137980716538
gene-LUU82_08915	5.299403889920258	5.834932390631493	4.430756166675305	host	gene-LUU82_08915	None	None	0.17770997604767869
gene-LUU82_13245	136.91325965134268	173.75052758872198	157.6421089414509	host	gene-LUU82_13245	None	None	1.8219727121337015
gene-LUU82_06355	8.63000191893304	9.022623872881708	7.989728341159766	host	gene-LUU82_06355	None	None	0.05671408091072753
gene-LUU82_07065	8.038271709687955	8.791978368843713	7.566253238916623	host	gene-LUU82_07065	None	None	0.10983633492666829
gene-LUU82_11550	12.119998465695838	15.462746093461993	14.597795279709159	host	gene-LUU82_11550	None	None	0.2503261591650142
gene-LUU82_06030	8.622317446605384	9.69756453725393	9.875606776014344	host	gene-LUU82_06030	None	None	0.05998385469651382
gene-LUU82_10445	5.1751818707278305	6.572038785455166	7.49698160491949	host	secY2	None	None	0.20633000526249334
gene-LUU82_08305	38.81686988501988	45.6407259168966	45.41198037676202	host	gene-LUU82_08305	None	None	0.4330327350525918
gene-LUU82_00315	133.64850775674014	171.9849143106238	146.67266150224557	host	gene-LUU82_00315	None	None	5.4525146530111215
gene-LUU82_13175	265.8903537839789	283.01864379816055	225.62345315676734	host	rpoE	None	None	4.550969652905922
gene-LUU82_02790	94.11112021881915	118.53397589752016	103.11142119976473	host	gene-LUU82_02790	None	None	1.5191531573671988
gene-LUU82_10150	125.99601923263806	149.42722891718785	138.6179767223169	host	dnaN	None	None	1.047790564322345
gene-LUU82_09425	19.238089806716612	31.06286438759595	19.331374149604958	host	isdI	None	None	1.816277673174407
gene-SAM1_00102	10043.812786200215	21581.67257120646	23444.909083628736	phage	gene-SAM1_00102	early	late	2168.2582657566873
gene-LUU82_04670	20.710004011904456	25.11085229680027	28.02379694733862	host	gene-LUU82_04670	None	None	0.5568788275798389
gene-LUU82_10905	7.669777341129774	8.765972587252586	8.817132447417741	host	gene-LUU82_10905	None	None	0.05171858264982973
gene-LUU82_12400	53.41553496503932	72.58197421085201	64.8440022972274	host	modA	None	None	1.4618432564587345
gene-LUU82_05095	59.21317876511856	99.88059420465221	91.87896148310665	host	purH	None	None	5.9000282470141086
gene-LUU82_13815	189.37491800863427	199.3242065334214	173.39386392302094	host	gene-LUU82_13815	None	None	3.225232580597465
gene-LUU82_02650	1.279839468129712	1.2689037367729907	1.4133662149767066	host	gene-LUU82_02650	None	None	0.051988459293495305
gene-LUU82_13875	115.5635223257944	118.90561484514636	101.90071129398781	host	gene-LUU82_13875	None	None	3.146440540969439
gene-LUU82_11720	393.1714311515114	603.6519595616588	554.7258110576693	host	gene-LUU82_11720	None	None	17.614750432567092
gene-LUU82_09885	35.75643498483388	26.705475017903353	18.488371241551267	host	selZ	None	None	2.0461057387966104
gene-LUU82_12465	25.204889532050583	37.28336523451012	34.764535336058096	host	sarV	None	None	1.3579070054277222
gene-LUU82_08515	1.9208950036348575	2.2605360415439364	2.1492712733099735	host	efeB	None	None	0.02764361101790212
gene-LUU82_05835	57.169897032075745	75.25204962712691	64.93907783905009	host	gene-LUU82_05835	None	None	1.2827946856620351
gene-LUU82_03145	439.97833405261525	508.95129021380285	417.02623887451983	host	gpsB	None	None	4.79226234039729
gene-LUU82_09755	64.05723108351943	76.03914942917405	69.70268858646118	host	gene-LUU82_09755	None	None	0.7588268385664585
gene-LUU82_10090	138.48218897545584	158.83857276691984	141.44530360782278	host	gdpP	None	None	1.8376941038823067
gene-LUU82_10170	64.73627895620086	56.64494340639652	43.65718385520474	host	mnmE	None	None	1.4808237370923127
gene-SAM1_00049	946.0570764526407	300.28041557551677	331.26682064361654	phage	gene-SAM1_00049	early	early	173.05430768066736
gene-LUU82_05550	5.728359570415054	8.702022989698618	12.051666404539247	host	gene-LUU82_05550	None	None	1.0669196896049558
gene-LUU82_07725	438.7252636916857	508.3004688531208	432.77280318171876	host	ftsH	None	None	4.686449552515522
gene-LUU82_03475	7.815455868549168	7.532936518992336	6.096024688893613	host	gene-LUU82_03475	None	None	0.10790430772136327
gene-LUU82_04025	130.16259992038724	149.83284905316142	128.74781794527772	host	gene-LUU82_04025	None	None	1.2009894399709307
gene-LUU82_09070	16.451788345550636	33.98331952445505	15.45053435527509	host	gene-LUU82_09070	None	None	8.891026794923185
gene-LUU82_06370	15.510133330572373	18.99948601313238	16.422203094156114	host	gene-LUU82_06370	None	None	0.35745964583364703
gene-LUU82_09780	6.553577084632668	7.5163617522399795	7.012388457476184	host	gene-LUU82_09780	None	None	0.0323306691725602
gene-LUU82_12835	22.786785379086783	31.104402806606203	25.050301406807446	host	gene-LUU82_12835	None	None	0.5717518213756472
gene-LUU82_10780	3.046451381628829	3.2569503221788936	3.161850300069863	host	gene-LUU82_10780	None	None	0.040993874890404555
gene-LUU82_05960	27.261174706363736	30.952832729916384	31.60443017038665	host	seb	None	None	0.2592429451233262
gene-LUU82_02000	3311.195059615387	3361.251974437804	2902.226433550038	host	rpmI	None	None	26.90152128513048
gene-LUU82_01560	156.48996430200043	217.14964485279128	206.34997115536643	host	gene-LUU82_01560	None	None	4.832194668660095
gene-LUU82_09805	1.586595739757427	1.7223020784542011	1.4137646257402696	host	gene-LUU82_09805	None	None	0.023566561365753507
gene-LUU82_11830	17.89464639139371	70.3570181813712	15.125915199366005	host	narI	None	None	74.65467495786801
gene-LUU82_03435	2.772168330455376	3.289440627053929	2.905843091292392	host	pstC	None	None	0.02778733553719948
gene-LUU82_02345	6.321179433091273	6.489957860755343	8.284452358704014	host	gene-LUU82_02345	None	None	0.1612989072984938
gene-LUU82_04985	1374.320151226606	1488.3361873324284	1518.3553350911036	host	gene-LUU82_04985	None	None	23.315492814678862
gene-LUU82_07585	119.49140679605803	167.24750286853723	108.41603150661729	host	gene-LUU82_07585	None	None	5.633650282329841
gene-LUU82_09435	11.069676912685201	11.118165898934151	11.00797433942207	host	cap8O	None	None	0.10842235832670202
gene-LUU82_04565	43.7071846265863	51.71571546923903	46.364179590782236	host	gene-LUU82_04565	None	None	0.6299184695437191
gene-LUU82_10830	21.102396646086166	26.547479261574637	24.708839991668274	host	gene-LUU82_10830	None	None	0.610340406093264
gene-LUU82_01660	94.79180541983378	108.42541198006965	87.02524976048697	host	gene-LUU82_01660	None	None	1.264010620656788
gene-LUU82_04640	25.41297467104823	32.04332682360029	28.152130868640494	host	gene-LUU82_04640	None	None	1.043049229922978
gene-LUU82_13820	168.57459843317724	171.11872380345972	153.30647917480803	host	gene-LUU82_13820	None	None	3.353883131724529
gene-LUU82_01980	201.79038565611918	264.04073501349154	226.9547690763486	host	gene-LUU82_01980	None	None	4.150073271352171
gene-LUU82_07110	8.80753876890923	10.860035376358327	10.788280170573339	host	gene-LUU82_07110	None	None	0.3582929173800561
gene-LUU82_10160	5598.142868838604	4890.171993869241	4123.04150579653	host	rpmH	None	None	112.09181915881142
gene-LUU82_06035	6.636640426191215	9.047156077425855	10.037722702938424	host	gene-LUU82_06035	None	None	0.30880859410125994
gene-LUU82_04760	26.313034461097953	27.909816446305346	23.158254254985327	host	rnhC	None	None	0.25345591544742074
gene-LUU82_01295	2.0534922507784024	2.295538713491661	1.6224685078862862	host	splC	None	None	0.05820907366966661
gene-LUU82_13915	284.7655990314059	308.104482882673	256.7290473153791	host	gene-LUU82_13915	None	None	7.974268447807108
gene-LUU82_13830	115.57469946026221	120.07959837245012	106.71419368685794	host	gene-LUU82_13830	None	None	2.316196820167223
gene-LUU82_05725	132.6439034373122	165.92233312970777	141.96641305302123	host	mnhB1	None	None	3.2161339296610976
gene-LUU82_08870	8.400143089309358	11.34262950710083	8.580370270316775	host	gene-LUU82_08870	None	None	0.2937107018730125
gene-LUU82_11700	10.845466377018559	12.891913716805945	12.390490222834943	host	gene-LUU82_11700	None	None	0.12903475078706608
gene-SAM1_00009	100.21281148807829	67.83969595813947	100.01839582000798	phage	gene-SAM1_00009	early	early	5.4648818830236605
gene-LUU82_00235	156.9123964324448	192.9826312947188	173.89288885187509	host	gene-LUU82_00235	None	None	9.626509333863268
gene-LUU82_07320	18.44765486868064	19.418674970972862	18.5021480307081	host	gene-LUU82_07320	None	None	0.14783250910328544
gene-LUU82_01545	21.241675152842845	27.863455874458662	21.011686260079216	host	gene-LUU82_01545	None	None	0.9941698945753689
gene-LUU82_10515	12.096891862305464	19.041498602750014	20.765335862298624	host	gene-LUU82_10515	None	None	0.9502305450991038
gene-LUU82_12200	112.40899675983856	132.41357186569726	117.84321800900084	host	gene-LUU82_12200	None	None	0.6437611831813298
gene-LUU82_06175	17.605901776169823	33.598433262246864	41.79494827181022	host	gene-LUU82_06175	None	None	3.6896359813760187
gene-LUU82_11560	25.730678123761233	31.624043664451964	32.09796879428383	host	gene-LUU82_11560	None	None	0.4712606711267031
gene-LUU82_11070	31.191355873057688	43.60339333201762	32.92296782241099	host	gene-LUU82_11070_gene_ptsG	None	None	1.8635259576013088
gene-LUU82_06390	3.36505729706763	3.4024261863355405	2.733427916975421	host	gene-LUU82_06390	None	None	0.044253517713075785
gene-LUU82_03260	181.95404654428293	237.07838929812272	213.84668079485652	host	gene-LUU82_03260	None	None	3.5380886175306205
gene-LUU82_09640	13.14244621484904	14.579828123127593	12.413631205076632	host	sbnH	None	None	0.10807654523944403
gene-LUU82_01750	72.00008257772674	98.84865714180773	91.12856754774145	host	gene-LUU82_01750	None	None	2.550290676542379
gene-LUU82_00215	45.98654396085414	63.63993609615063	53.408778015098754	host	gene-LUU82_00215	None	None	1.218641405338533
gene-LUU82_06465	40.838652019863076	76.2126188336182	35.95105090990981	host	gene-LUU82_06465	None	None	7.1727918871076755
gene-SAM1_00094	23646.610277823187	32623.555028471183	31010.75055996774	phage	gene-SAM1_00094	early	middle	929.8339932095621
gene-LUU82_01290	1.385055581842293	1.5203012809756826	1.172076057282433	host	splB	None	None	0.02801092815526507
gene-LUU82_03755	11.76492288518588	13.832898610681596	12.106692228477584	host	gene-LUU82_03755	None	None	0.09915602129541026
gene-LUU82_10450	5.777711759285109	7.37419881783044	7.890371418624928	host	asp1	None	None	0.23777342299520454
gene-LUU82_03715	90.76710751677946	116.62524593266733	120.61546025094538	host	gene-LUU82_03715	None	None	2.3170277404325885
gene-SAM1_00020	234.1136321522115	137.99812152534435	235.2028803687906	phage	gene-SAM1_00020	early	late	18.013514530530284
gene-LUU82_11980	12.333871839488502	15.434770853916069	13.298091104302644	host	hssR	None	None	0.17557337642137827
gene-LUU82_00190	40.506919616488496	62.80936549468399	61.94481256635628	host	pmtA	None	None	2.213172312139563
gene-LUU82_13355	2.9761290084876024	3.2713859632470808	3.3444849973203996	host	thiM	None	None	0.05171983841007653
gene-LUU82_12265	142.6141961249667	177.24798555782783	148.20390718195384	host	gene-LUU82_12265	None	None	2.9105763662419637
gene-LUU82_02605	615.553624331014	724.262765851253	634.7030483240824	host	gene-LUU82_02605_gene_rpmG	None	None	57.95354071446102
gene-LUU82_10235	19.34082986871708	22.050457509910142	20.81929148617127	host	gene-LUU82_10235	None	None	0.12138645178158819
gene-LUU82_11580	42.486864963515664	52.71276831577808	52.00058708143819	host	gene-LUU82_11580	None	None	0.7061552702942382
gene-LUU82_03415	155.62406375419994	158.30035276646228	134.6595595871369	host	gene-LUU82_03415	None	None	1.1602463228877902
gene-LUU82_05345	16.332536174396537	26.23686627719152	21.62001901256787	host	gene-LUU82_05345	None	None	0.8644254981687035
gene-LUU82_10165	92.67457384877991	76.48574854501152	59.4542465528664	host	rnpA	None	None	2.5601187818672044
gene-SAM1_00060	1356.9144472218366	365.2787731263381	421.9489422310857	phage	gene-SAM1_00060	early	early	291.8876219272517
gene-LUU82_10125	62.36732271170708	50.03049402399256	38.86693619744138	host	gene-LUU82_10125	None	None	2.009293453432874
gene-SAM1_00199	666.3942782864642	259.61035035418956	517.444343510262	phage	gene-SAM1_00199	early	early	63.394463051777954
gene-LUU82_07560	58.57524088505005	69.77209634819552	58.75025865392835	host	gene-LUU82_07560	None	None	0.6496035965830225
gene-LUU82_03605	82.55918000723604	86.10931756746923	68.12839988099849	host	parE	None	None	0.9329447656586785
gene-LUU82_00115	1657.1346756637297	2076.13851573846	1990.915740004569	host	gene-LUU82_00115	None	None	116.0780204150308
gene-SAM1_00014	801.2734434743637	392.72312188173026	634.6758864760387	phage	gene-SAM1_00014	early	early	50.7683231488069
gene-LUU82_07795	412.75062472926965	397.377002969731	391.5211691896645	host	spoVG	None	None	3.2963899966563717
gene-LUU82_08175	3.0904499164539865	3.213083612226745	2.475501985324101	host	gene-LUU82_08175	None	None	0.06028487911044954
gene-LUU82_10460	8.367874867185714	10.146835455567441	11.015164025585063	host	asp3	None	None	0.19460490748104442
gene-LUU82_07830	149.26075675994454	182.33735122761723	170.75181506958924	host	gene-LUU82_07830	None	None	2.3350806462281777
gene-LUU82_05315	1.0418933847173149	1.1695034908654744	1.0473173182649855	host	gene-LUU82_05315	None	None	0.010278359147590716
gene-LUU82_12820	1.938232459266959	2.358810196463621	2.204314429709671	host	gene-LUU82_12820	None	None	0.09120648042328516
gene-LUU82_02810	311.6130669964716	386.02949174526606	338.39719213467947	host	gndA	None	None	3.5576930185272304
gene-LUU82_13980	20.249108058645433	23.011596772671705	19.18293270327818	host	blaR1	None	None	0.24993711464563342
gene-LUU82_01645	34.28445620781113	45.20847123054964	37.89821051424381	host	gene-LUU82_01645	None	None	0.7015675318618906
gene-LUU82_00025	3.4218707417870697	3.49956447271796	3.333785272679002	host	gene-LUU82_00025	None	None	0.03289081861146055
gene-LUU82_02150	176.9124558069211	155.2431029841292	133.5939775053537	host	obgE	None	None	2.829185740490263
gene-LUU82_01775	4.113392328749791	6.1370326468545855	7.151524970873273	host	serA	None	None	0.36614862208509996
gene-LUU82_09105	1.341287920138502	1.3625894288114997	1.1008719884630302	host	gene-LUU82_09105	None	None	0.02325290447952455
gene-LUU82_13100	81.06676135726306	92.45897954237438	76.75985679776925	host	gene-LUU82_13100	None	None	0.6091324674033255
gene-LUU82_11330	15.066634459800605	18.9524563372237	18.61645886920023	host	gene-LUU82_11330	None	None	0.37251447941884736
gene-LUU82_12555	3887.7890716435454	3452.398128900666	3106.8543399155374	host	rplC	None	None	70.66171972524309
gene-LUU82_10395	2.741093005837556	3.1783261594487775	3.043913790328327	host	gene-LUU82_10395	None	None	0.035925117315808434
gene-SAM1_00100	13094.792934462102	20812.642093027593	21385.015158091384	phage	gene-SAM1_00100	early	late	1122.8671164939199
gene-LUU82_02075	29.72449878959729	28.39845771142009	26.098582079464403	host	gene-LUU82_02075	None	None	0.11646876904250705
gene-LUU82_03505	112.35641258448624	140.54218287162493	116.29987562360208	host	femA	None	None	1.5949544945248384
gene-LUU82_07335	38.60944265213695	47.88181597760465	52.43205460548965	host	gene-LUU82_07335	None	None	0.9395914907142608
gene-LUU82_12010	9.324453486504046	7.666866457428481	6.645082382447817	host	gene-LUU82_12010	None	None	0.3041559099628439
gene-LUU82_08075	13.274606006452336	14.803538961415596	10.30078296145981	host	gene-LUU82_08075	None	None	0.42739610047460685
gene-LUU82_13435	2.843215571438965	3.1569913449256775	2.708904729091041	host	kdpB	None	None	0.036680719641119346
gene-LUU82_04775	28.291327475257024	34.537598225016325	29.18251252095007	host	gene-LUU82_04775	None	None	0.2943054073642334
gene-LUU82_08885	4.380831428791926	5.282295667957002	6.208038612284722	host	gene-LUU82_08885	None	None	0.1290997622784539
gene-LUU82_03945	12.922694348025964	16.551501296629347	12.758663110809131	host	gene-LUU82_03945	None	None	0.32272967980908757
gene-LUU82_04890	17.649514703284684	30.394295661784877	24.47830556295661	host	gene-LUU82_04890	None	None	2.045889740957978
gene-LUU82_12290	108.20834675450259	125.69021588931564	131.14559940487428	host	gene-LUU82_12290	None	None	1.813325079836238
gene-SAM1_00111	459.319974271124	322.3262313204377	416.0819674630702	phage	gene-SAM1_00111	early	early	11.961952708428857
gene-LUU82_03985	109.55701985822361	108.56360420160668	117.33016898412517	host	gene-LUU82_03985	None	None	1.8063927265157966
gene-LUU82_08490	35.719153638314246	43.20865684516151	39.7812832558726	host	gene-LUU82_08490	None	None	0.6637840082493499
gene-LUU82_04315	192.56734713886192	195.28762612620577	170.26845526184024	host	fakA	None	None	1.0908518615545455
gene-LUU82_13010	72.6510082592979	94.90160084884708	85.94256368292776	host	cdaA	None	None	1.3570572055757546
gene-LUU82_02885	15.043160683003407	17.277601168702947	13.74987481590445	host	gene-LUU82_02885	None	None	0.17366248933392936
gene-LUU82_12175	10.158840927927338	11.047275359166541	10.383092576402268	host	gene-LUU82_12175	None	None	0.039351710956439384
gene-LUU82_10865	8.516295235191242	11.29981805259053	8.991778289693062	host	gene-LUU82_10865	None	None	0.24299800213951286
gene-SAM1_00176	1619.037022862696	890.0394986366931	1054.7931357678062	phage	gene-SAM1_00176	early	early	90.17697954096704
gene-LUU82_06690	87.75621842796289	101.02649773392119	84.48652309338992	host	gene-LUU82_06690	None	None	0.7063912796179529
gene-LUU82_11745	52.65359296805408	60.208540673986704	56.09964017165087	host	gene-LUU82_11745	None	None	0.4081769517168364
gene-LUU82_00380	6.762454429162325	9.179612278660626	7.8804495111968365	host	gene-LUU82_00380	None	None	0.2694524221612639
gene-LUU82_13150	27.51802238392135	45.21918656418069	49.853064306864475	host	gene-LUU82_13150	None	None	2.513107309108254
gene-LUU82_11090	49.3876284162373	55.29184669853591	47.12930842978691	host	gene-LUU82_11090	None	None	0.6782815226399025
gene-LUU82_04530	120.75286235357578	116.06818999412651	104.0450040983315	host	murD	None	None	1.367044670132777
gene-SAM1_00156	1510.0955326271057	9782.205786897728	12861.21101424191	phage	gene-SAM1_00156	middle	late	2938.145733742781
gene-LUU82_13350	2.1506028202850143	2.6563786429188734	2.343835585635278	host	thiD	None	None	0.0672404888229735
gene-LUU82_04920	223.40859567019172	215.20287803142438	197.88690649978912	host	gene-LUU82_04920	None	None	4.941303500623626
gene-LUU82_00430	7.949642980756248	9.953860693784591	8.507103207055023	host	gene-LUU82_00430	None	None	0.16183991057294703
gene-LUU82_06360	15.1267036590655	16.382455398180777	12.57053393484999	host	gene-LUU82_06360	None	None	0.2880674288632091
gene-LUU82_06515	6.424764769740999	8.500418231207528	9.199910623854477	host	gene-LUU82_06515	None	None	0.4124127311017019
gene-LUU82_08500	53.092891067326185	74.28352707384728	63.6429320697036	host	gene-LUU82_08500	None	None	1.6429159538121743
gene-LUU82_10455	7.254748941674959	8.906119961596083	9.779661457004634	host	asp2	None	None	0.21017328786346476
gene-LUU82_03315	25.152388140245595	35.685954223850395	30.955015018334617	host	sucB	None	None	1.3966091155694347
gene-SAM1_00105	646.9708828595241	214.14402681141465	445.83651165541454	phage	gene-SAM1_00105	early	early	79.41344822588046
gene-LUU82_05040	75.63241976452946	82.62210261499322	66.79188783646802	host	nrdH	None	None	2.3807227801604505
gene-LUU82_09465	3.223232330958293	3.2087480881660624	2.7470335010326576	host	cap8I	None	None	0.03270439840869661
gene-SAM1_00201	298.8722372996055	118.05759116282353	269.0037833996066	phage	gene-SAM1_00201	early	early	29.338662972970262
gene-LUU82_06240	305.07229087699136	325.79760677228586	273.4684839164003	host	secG	None	None	3.0720801626205563
gene-LUU82_05995	7.705639671533976	9.290941181230407	8.942565805794514	host	gene-LUU82_05995	None	None	0.15670395123484673
gene-LUU82_09440	9.075098982639995	9.191041440051412	8.848979732779371	host	capN	None	None	0.13105119078318225
gene-LUU82_02445	27.140733679022194	25.243328743975074	20.13711751877934	host	hemW	None	None	0.4317586526328698
gene-LUU82_11085	33.6791901243079	50.132878140535446	46.17173437900758	host	gene-LUU82_11085	None	None	1.477995033876576
gene-LUU82_01800	59.49112692077887	78.78598281911248	76.32149354573835	host	gene-LUU82_01800	None	None	1.6634330952565262
gene-LUU82_03035	3.589919850235731	3.7375000545837067	3.1974663430300265	host	gene-LUU82_03035	None	None	0.08825320852495229
gene-LUU82_05020	236.36841013063523	268.70638369689453	241.53966676675952	host	gene-LUU82_05020	None	None	1.256902948654247
gene-LUU82_08435	12.398306342989137	16.724864157318734	14.47851521735582	host	gene-LUU82_08435	None	None	0.5258229672015242
gene-LUU82_09190	8.672501140393734	9.56441877971226	5.768655516699454	host	gene-LUU82_09190	None	None	0.6859325414819997
gene-LUU82_10585	4.708928869987548	4.344160835850317	3.180290706584716	host	gene-LUU82_10585	None	None	0.11943431591056596
gene-LUU82_12210	56.32012489902909	70.01689568982461	66.55279536985428	host	gene-LUU82_12210	None	None	0.8411179808412551
gene-LUU82_12560	4815.035304045414	4264.14896952086	3862.436992121037	host	rplD	None	None	121.46059038811002
gene-LUU82_07315	26.180841369989906	27.374354991196295	25.253101499050658	host	gene-LUU82_07315	None	None	0.3170394687061496
gene-LUU82_11325	13.996496253689381	19.32130837576328	16.971952819811293	host	gene-LUU82_11325	None	None	0.3958808498549477
gene-SAM1_00148	1857.9242161665823	621.8939720666075	890.3965803672272	phage	gene-SAM1_00148	early	early	256.78087267622334
gene-LUU82_02125	68.47636791306338	74.96256929679832	64.35448990981173	host	mreC	None	None	0.468730003326711
gene-LUU82_03190	4.387637345864455	11.542159845376217	3.0819662209242935	host	gene-LUU82_03190	None	None	9.037565078978087
gene-LUU82_04675	37.86216604373351	50.06479879634941	61.81869248319046	host	gene-LUU82_04675	None	None	2.6256823261489153
gene-LUU82_05465	46.27967083902192	59.01532329181396	48.02566592432862	host	gene-LUU82_05465	None	None	1.442924175527128
gene-LUU82_05430	120.5631948838507	141.61282052748953	131.18642532655565	host	cozEa	None	None	1.0329821701549036
gene-LUU82_01875	23.595805300949863	27.894204315271708	23.326603238887884	host	gene-LUU82_01875	None	None	0.2669226683992152
gene-LUU82_01890	140.1407149788694	159.9942379377492	138.21932186683878	host	gene-LUU82_01890	None	None	1.7207069098711365
gene-LUU82_00945	1066.3485198452681	1439.6314467786922	1437.6368862381103	host	gene-LUU82_00945	None	None	64.86616424722278
gene-LUU82_05985	37.31603750401363	39.792783866421566	34.57696685375489	host	gene-LUU82_05985	None	None	0.29835557755360276
gene-LUU82_00490	46.75351712675489	67.2843868201687	60.03087700537947	host	gene-LUU82_00490	None	None	1.5448574826542871
gene-LUU82_12240	16.910765551912398	19.948649317414727	18.582796333554658	host	gene-LUU82_12240	None	None	0.24199063322208123
gene-LUU82_00795	29.217524928639364	39.865059623581345	131.51740655127682	host	gene-LUU82_00795	None	None	31.955804563152654
gene-LUU82_06330	60.5225208876823	79.18871984362546	67.68857216416006	host	hprK	None	None	1.2446746906417374
gene-LUU82_00005	12.360923909602343	14.149521785972153	10.67950522560414	host	gene-LUU82_00005	None	None	0.42544598615978657
gene-LUU82_10045	83.94053639639614	104.5812561904071	93.62589926054375	host	yycI	None	None	1.2344124669095862
gene-LUU82_04785	18.01713557104401	41.723416171757016	21.871777104346986	host	isdG	None	None	4.705212701363991
gene-LUU82_12670	5338.506986416688	5306.221565565716	4745.632254111329	host	rpmJ	None	None	61.00150631473205
gene-LUU82_08535	9.36271374665096	10.3840277966359	10.310761000322804	host	gene-LUU82_08535	None	None	0.12105470679095048
gene-LUU82_02520	77.73094859977404	89.87775985662101	79.2525958335764	host	cdd	None	None	1.0094095659800675
gene-LUU82_04385	42.58388480396573	47.569456446388635	43.27382806261151	host	priA	None	None	0.5102787196978514
gene-LUU82_10335	3.0097509495979238	3.6555790157101193	3.419887622276414	host	hisB	None	None	0.12292533513739458
gene-LUU82_03975	60.98126342163113	71.15508998573797	64.36216267521343	host	miaB	None	None	0.5166052839087003
gene-LUU82_04905	85.67136887706522	94.79992160806466	86.83852043110763	host	gene-LUU82_04905	None	None	0.3660268487889141
gene-LUU82_09455	4.804238357252596	4.510787933607275	4.503022213171334	host	cap8K	None	None	0.10947619690651446
gene-SAM1_00159	1022.9774851711101	358.2961259630529	568.0343377719363	phage	gene-SAM1_00159	early	early	122.3396452726473
gene-LUU82_06315	42.38533807704379	53.14158470233457	45.64612186021562	host	gene-LUU82_06315	None	None	0.5832073985085081
gene-LUU82_01840	236.04944387669184	286.4676181082705	243.04661794893175	host	gene-LUU82_01840	None	None	2.3972227248424858
gene-LUU82_11195	84.27728449996937	99.19842148543326	124.13264659312266	host	gene-LUU82_11195	None	None	4.8435749121116345
gene-LUU82_02785	91.94044197309081	111.33225951348886	98.38158430286255	host	gene-LUU82_02785	None	None	0.9481744390703771
gene-LUU82_04880	352.71763706132907	290.1474356601038	193.87598173811588	host	cyoE	None	None	16.343409123258684
gene-LUU82_07270	94.83795530413897	144.64057041747373	125.71152113520135	host	gene-LUU82_07270	None	None	3.8814758279922685
gene-LUU82_13110	53.82686588391805	66.13592836280831	58.177424309889425	host	gene-LUU82_13110	None	None	0.7063890486581798
gene-LUU82_03290	11.83335294399952	17.198838215322144	14.191527570556383	host	gene-LUU82_03290	None	None	0.5942659123902851
gene-LUU82_11365	32.92308622224408	46.59723826524049	38.59935899377922	host	gene-LUU82_11365	None	None	1.133703766426302
gene-SAM1_00137	2713.529924320574	965.241817584698	872.2872995213964	phage	gene-SAM1_00137	early	early	492.9676356654387
gene-LUU82_12665	3435.037134377811	3367.5507645754356	3093.354936202634	host	infA	None	None	30.32307268879035
gene-LUU82_06955	41.72489413951601	56.941596329153526	43.649573257657956	host	tagD	None	None	1.2001079129837033
gene-LUU82_00350	76.25620090584069	91.71053054718413	80.97594271184153	host	ligA	None	None	1.076291189299501
gene-LUU82_03905	37.7009347112425	37.37234359448017	31.181132903217687	host	gene-LUU82_03905	None	None	0.3410817802188045
gene-LUU82_00145	70.88031181998565	86.07299752831238	67.08043402228067	host	gene-LUU82_00145	None	None	1.607403734875652
gene-LUU82_08990	19.318488893699264	27.837779093465713	29.927272801806726	host	gene-LUU82_08990	None	None	1.3474333077957223
gene-LUU82_12370	14.603813804059547	23.326092166024225	19.105677136601226	host	gene-LUU82_12370	None	None	0.8310330294932012
gene-LUU82_00705	110.03814234030892	213.80417936259676	634.4334513093711	host	gene-LUU82_00705	None	None	162.40636090794584
gene-LUU82_02975	42.131559755504746	48.73035712995955	42.97463012065095	host	gene-LUU82_02975	None	None	0.4320893724111754
gene-LUU82_13625	24.079991941695734	31.627771458710715	28.499181071617567	host	gene-LUU82_13625	None	None	0.42753584145571744
gene-LUU82_10730	6.341830958934483	5.541912337903969	5.7417234252653815	host	gene-LUU82_10730	None	None	0.07817481330723586
gene-LUU82_05795	38.24253693402542	45.46703971426484	36.651720353437064	host	gene-LUU82_05795	None	None	0.6494959227071682
gene-LUU82_08195	1.4162494586988295	1.1966801677102439	1.0813141637909256	host	gene-LUU82_08195	None	None	0.04429079814406599
gene-LUU82_02965	9.839745700532458	10.178517300404048	8.32694940106927	host	gene-LUU82_02965	None	None	0.25504495574791747
gene-LUU82_03395	3.3815147052380787	5.0235043702626	5.380557016212919	host	dapB	None	None	0.2870234098588003
gene-SAM1_00056	3974.3984599654136	4274.099005621775	5060.3743218443915	phage	gene-SAM1_00056	early	late	130.43720537363205
gene-LUU82_07225	0.7078846359813208	1.1482341166727574	0.43106890723354857	host	gene-LUU82_07225	None	None	0.1481414474481175
gene-LUU82_00495	78.72192998712818	109.00742596791444	103.29680899857675	host	gene-LUU82_00495	None	None	2.4360067505336636
gene-LUU82_05270	28.326574457169468	42.71101289073048	33.53366890341562	host	gene-LUU82_05270	None	None	1.2292358454745003
gene-LUU82_10130	152.64426995770708	177.4697827355745	164.35343590825175	host	gyrA	None	None	1.9075953269130872
gene-LUU82_07470	5507.742086227286	5025.705140840895	4288.987273106683	host	gene-LUU82_07470	None	None	87.03415001756383
gene-LUU82_12720	2981.701106436492	2844.143431193421	2406.1002016280695	host	rpsI	None	None	36.23208575535235
gene-LUU82_03465	34.072882469824556	39.580154557009436	35.52276283117737	host	gene-LUU82_03465	None	None	0.3884538601624908
gene-LUU82_10245	15.572949086986478	22.64437267874601	22.867411805498296	host	rarD	None	None	0.6011902883269409
gene-LUU82_00935	1654.09323120294	1951.8770921377854	1996.384892235247	host	gene-LUU82_00935	None	None	56.069022702433976
gene-LUU82_12880	23.052887214019325	28.64367707625368	19.533971887095575	host	sfaB	None	None	0.7681611495924693
gene-LUU82_04525	180.49990834453232	175.07414260156622	156.60669859126077	host	gene-LUU82_04525	None	None	1.8919216151520313
gene-LUU82_00170	102.40046600285991	129.40785321047153	117.46842649887039	host	gene-LUU82_00170	None	None	1.5140763241896051
gene-LUU82_01650	63.4133987076659	80.40862782331165	70.14153149729175	host	gene-LUU82_01650	None	None	1.048237300518079
gene-LUU82_10535	0.6035296054549629	0.14349549059966815	0.3628011813200664	host	gene-LUU82_10535	None	None	0.1233846621329599
gene-LUU82_12430	36.03497656898561	43.004525261305155	40.9280570165786	host	gene-LUU82_12430	None	None	0.8145206181272537
gene-LUU82_04125	133.2629759068822	129.82210844138461	117.13276640965101	host	rseP	None	None	1.190426035996644
gene-LUU82_09565	14.675418770984441	12.052669026179979	9.97985877960882	host	tet(38)	None	None	0.4203741814106028
gene-LUU82_09685	27.62922905085368	52.484836743128255	31.342347990309865	host	sirB	None	None	4.201856428418076
gene-LUU82_05480	38.314807957222676	52.95922819320882	42.51827633147536	host	yjbH	None	None	1.0304196507447883
gene-LUU82_08860	16.299110341036933	20.784745049423446	25.766380171942462	host	gene-LUU82_08860	None	None	0.823764194291471
gene-LUU82_10310	4.3419055106078135	5.8863128675772876	6.304758456004319	host	gene-LUU82_10310	None	None	0.14756344647650307
gene-LUU82_11890	6.1886068353305745	8.482850571103079	6.317920052059051	host	gene-LUU82_11890	None	None	0.23724291166554595
gene-LUU82_01365	51.61525593495924	66.99435199337972	56.86390870656171	host	gene-LUU82_01365	None	None	1.5865537963654717
gene-LUU82_04680	112.56826449580619	149.1889227712364	185.2253669678755	host	gene-LUU82_04680	None	None	7.591217805484291
gene-LUU82_03430	2.8238590411604405	4.255607312633705	3.05938903112242	host	gene-LUU82_03430	None	None	0.22156680876186383
gene-LUU82_08980	90.76408185373947	111.68738118888614	102.03885208292581	host	gene-LUU82_08980	None	None	1.455982222603279
gene-LUU82_13870	168.64863436843794	174.33913902208766	148.7866004074449	host	gene-LUU82_13870	None	None	5.598419006710849
gene-LUU82_02575	144.65107574460794	142.25223066394562	129.56582646737658	host	gene-LUU82_02575	None	None	0.7184663956988127
gene-LUU82_01380	9.849989466054346	12.605661941294665	9.242250598726061	host	gene-LUU82_01380	None	None	0.3129396189633078
gene-LUU82_03235	58.017068422611	65.89997806566048	61.70914048337371	host	gene-LUU82_03235	None	None	0.5090021035577172
gene-SAM1_00086	2914.575284967859	1201.7996723619508	938.9113128654159	phage	gene-SAM1_00086	early	early	468.8977803706359
gene-LUU82_06070	49.54178424634822	81.4381411878074	100.41053941051713	host	gene-LUU82_06070	None	None	7.974844181820407
gene-LUU82_09595	9.741978678592805	9.831707304219881	8.57498503000389	host	gene-LUU82_09595	None	None	0.06501079492654493
gene-LUU82_10190	6.582303661830495	6.987181741599168	4.478756729237195	host	gene-LUU82_10190	None	None	0.34710550204785345
gene-LUU82_04600	134.58300523423986	168.47553646888977	155.9588204209291	host	gene-LUU82_04600	None	None	2.0075361777504743
gene-LUU82_08800	12.452049241167664	21.62907122210451	21.190826580543945	host	gene-LUU82_08800	None	None	1.3937013490610077
gene-LUU82_12085	24.4481400351921	34.524146534680916	38.033618611531544	host	gene-LUU82_12085	None	None	1.1913797072813164
gene-LUU82_05075	48.91359819699276	53.285969839624066	63.64948350488216	host	gene-LUU82_05075	None	None	2.067381108514874
gene-LUU82_07350	158.99805953027135	219.91204283494474	198.2552749322898	host	hxlA	None	None	4.850739179714432
gene-LUU82_00725	51.536089678842835	102.62420315579824	324.4946256248979	host	gene-LUU82_00725	None	None	88.52633582289945
gene-LUU82_13265	887.982198828467	942.1433130547088	761.9417986530574	host	gene-LUU82_13265	None	None	18.671617334084488
gene-LUU82_09155	22.13145031787848	76.99767635565698	7.318599883029115	host	pflB	None	None	102.73054844375714
gene-LUU82_01325	24.846084094032623	31.710763956326094	28.237782207452074	host	gene-LUU82_01325	None	None	0.4505876826030548
gene-LUU82_06890	156.78735596113685	130.66389527535264	93.02401685855244	host	gene-LUU82_06890	None	None	5.890620063230045
gene-LUU82_06675	45.60901003648231	60.68762308051573	57.05994005976667	host	norA	None	None	0.9534215433197978
gene-LUU82_12655	2832.9407599085607	2706.391312548238	2604.5050130128516	host	secY	None	None	38.02056367675485
gene-SAM1_00072	1991.3605603452706	5968.117191861365	6824.521342210522	phage	gene-SAM1_00072	early	late	942.4243174412297
gene-LUU82_12700	49.135594937331085	56.6128024324176	51.01355004210208	host	gene-LUU82_12700	None	None	0.4544430625594317
gene-LUU82_05655	130.30749114497235	130.24428596321067	110.59761402548833	host	lepB	None	None	1.061508973134477
gene-LUU82_11850	20.335649514034245	96.73680202092801	14.164948780432036	host	gene-LUU82_11850	None	None	135.35710460823447
gene-SAM1_00184	376.3834237012963	241.38529579444653	552.9456231647906	phage	gene-SAM1_00184	early	late	47.765192597561445
gene-LUU82_02855	14.728540938035813	18.33329573871701	16.41098782034234	host	gene-LUU82_02855	None	None	0.2646335609190396
gene-LUU82_08200	1.3132519875805004	1.6703266513638628	1.5392415994940103	host	gene-LUU82_08200	None	None	0.02121371525147901
gene-LUU82_06720	1283.0311458582835	1298.8969650073961	1107.1121642935516	host	mgrA	None	None	11.32445219910157
gene-LUU82_11335	16.68911974601024	23.146969978759945	21.369503957906307	host	gene-LUU82_11335	None	None	0.5056556416882881
gene-LUU82_04365	75.17099192393972	75.24438894838686	63.28031325627963	host	fmt	None	None	0.74104826110265
gene-LUU82_06780	62.02359372168388	72.74201265009118	59.21650955317148	host	gene-LUU82_06780	None	None	0.7495977484355669
gene-LUU82_07255	78.66437107248818	80.301438154694	66.46218299721181	host	mvk	None	None	0.7492756466369964
gene-LUU82_10375	1.5633359704281753	1.8347579206751148	1.7568390072624307	host	icaD	None	None	0.06731072088291606
gene-LUU82_08140	16.259164413047426	16.976311002135475	12.241398139032453	host	gene-LUU82_08140	None	None	2.2037847667850023
gene-LUU82_08470	30.547436408517243	35.136355141472215	32.56657828825079	host	gene-LUU82_08470	None	None	0.16995241049255708
gene-LUU82_12335	12.700696443054786	15.305701636759773	14.429629723888773	host	ureG	None	None	0.1654488575020108
gene-LUU82_13115	51.442639702295416	64.83904958018157	45.16954016155429	host	gene-LUU82_13115	None	None	2.5347032955148925
gene-LUU82_05090	64.68569417370811	109.78345857508707	101.18079767082986	host	purD	None	None	6.429881536473234
gene-LUU82_10985	10.105761047361161	15.48007393536566	13.933687282916301	host	pruA	None	None	0.5639489512741014
gene-LUU82_12235	26.741713854378123	31.246771177818953	33.31516005404689	host	gene-LUU82_12235	None	None	0.441122152314525
gene-SAM1_00075	90.68343944037512	68.67800672083506	130.72368984905202	phage	gene-SAM1_00075	early	late	13.450600963998985
gene-LUU82_07810	84.07673724009884	92.45817754318996	92.48612060657382	host	ispE	None	None	0.7788027813680269
gene-LUU82_05805	271.4508960498161	367.56712633354937	280.19872990742005	host	dltD	None	None	8.333017761910684
gene-LUU82_04570	21.267066703733608	24.395801306723737	21.32527932985812	host	gene-LUU82_04570	None	None	0.14589464744510053
gene-LUU82_09095	1.385249206859365	1.2940589978695722	1.3849945559619126	host	gene-LUU82_09095	None	None	0.02175470758084554
gene-LUU82_04380	8.050912108606886	9.271369932057832	8.82098229775144	host	gene-LUU82_04380	None	None	0.09305662508689813
gene-LUU82_07420	57.97570179271538	86.7408026228469	77.18424761624924	host	gene-LUU82_07420	None	None	2.354669240996548
gene-LUU82_06530	9.579905656737518	14.89035604788937	15.011820656751908	host	hisC	None	None	0.7761782692109036
gene-LUU82_07480	848.8235508077088	769.5092842037517	713.8801262704322	host	rpoB	None	None	12.618300219639403
gene-LUU82_01745	80.43549983075773	85.06289627838515	70.65183910807957	host	tyrS	None	None	0.6225890360053108
gene-LUU82_09500	4.4031789231872605	4.123420067667891	3.8667610494730638	host	cap8B	None	None	0.061820590608589465
gene-LUU82_04085	205.83065588365102	211.21472383684954	162.93100425747392	host	rbfA	None	None	4.243270335584277
gene-LUU82_10980	12.496227916304498	19.05925616370269	17.928645453004506	host	gene-LUU82_10980	None	None	0.7419974473020732
gene-LUU82_00745	30.61944190618836	56.64541941869436	194.27990836075278	host	gene-LUU82_00745	None	None	55.33233002739472
gene-LUU82_10670	1.2180845248050334	1.2692657728939636	1.2905925615875697	host	gene-LUU82_10670	None	None	0.11047927916091088
gene-LUU82_06585	11.37743314999768	13.697239779785342	10.915691276895151	host	gene-LUU82_06585	None	None	0.15936652249108102
gene-LUU82_00200	36.53819924740937	61.07446944374766	58.02539353606813	host	pmtC	None	None	2.4268456196017807
gene-LUU82_11060	87.9386802539097	106.55653598187273	130.71819116811068	host	gene-LUU82_11060	None	None	4.043081925359363
gene-SAM1_00214	169.0297574969411	67.3992553106785	192.85571243131622	phage	gene-SAM1_00214	early	late	24.565050775384236
gene-LUU82_01360	6.644269822502213	6.485355415576365	5.213976278770578	host	gene-LUU82_01360	None	None	0.08731688567983262
gene-LUU82_04030	75.83582137928545	89.01532902066236	77.74305247758714	host	gene-LUU82_04030	None	None	0.8037776758172448
gene-LUU82_12840	50.663368856883615	70.56945464594038	58.927946581272636	host	gene-LUU82_12840	None	None	1.4927402855725536
gene-LUU82_11215	1.8598781215103053	2.635962141036451	1.5239865683310299	host	gene-LUU82_11215	None	None	0.13932726564799466
gene-LUU82_11985	2.3022058783645414	2.3846518484421972	2.068641584264117	host	gene-LUU82_11985	None	None	0.028836449833905455
gene-LUU82_12065	70.81354153065547	65.60518690560633	60.782205317061596	host	gltS	None	None	0.5669412307440317
gene-LUU82_00385	41.50883086620316	54.59099909207858	49.86821994282954	host	gene-LUU82_00385	None	None	0.8059464291985399
gene-LUU82_02340	3.8823461284380905	4.35110140460175	5.937777212415162	host	gene-LUU82_02340	None	None	0.2502154997374912
gene-LUU82_10595	35.01486503545497	44.593213790603535	37.57221843190012	host	nsaR	None	None	0.618909879395455
gene-LUU82_04655	110.1600228923437	142.73811302334047	112.58586116020349	host	gene-LUU82_04655	None	None	3.591711401252329
gene-LUU82_06255	628.6677709668174	859.1585502391141	688.308515059973	host	gpmI	None	None	38.96065073959242
gene-LUU82_12355	3.1337940588588467	4.779611415525374	4.892570315207602	host	gene-LUU82_12355	None	None	0.21907206497857046
gene-LUU82_09330	11.010758777634697	11.73101747906541	10.61289378201382	host	rocD	None	None	0.0859594920404024
gene-SAM1_00145	449.62084652860926	154.44792464993347	286.2053868603355	phage	gene-SAM1_00145	early	early	51.29462975874739
gene-LUU82_07475	848.3979426433558	755.8775391306825	726.2526352223418	host	rpoC	None	None	13.117852683277606
gene-LUU82_11230	22.441322752291622	27.150183694950574	20.84188143215627	host	gene-LUU82_11230	None	None	0.4283648989581409
gene-LUU82_11885	12.296755753363314	13.687958588033839	12.430371607853568	host	rsp	None	None	0.08543289198497143
gene-LUU82_13425	1.902465414650589	1.9896346592124061	1.1296148278956126	host	kdpF	None	None	0.11763050805531383
gene-LUU82_04660	44.30728817875963	73.14172912577897	106.54538739954587	host	gene-LUU82_04660	None	None	10.759457493781435
gene-LUU82_07305	84.14899522548374	116.64738349984343	97.98160670724832	host	gene-LUU82_07305_gene_thiD	None	None	2.072979796749314
gene-LUU82_07935	22.90941648065233	24.478435636056947	19.83345690110691	host	treR	None	None	0.2510156554562175
gene-LUU82_08660	1.6586713121188872	1.8062734841737316	1.4468828267765492	host	gene-LUU82_08660	None	None	0.031274120870084195
gene-LUU82_08365	1375.774523995967	1499.1849215482969	1545.9660481864723	host	gene-LUU82_08365	None	None	46.77153618466631
gene-LUU82_04050	100.68321751830588	108.43751889452004	95.76212543330594	host	gene-LUU82_04050	None	None	0.43236623910983846
gene-LUU82_05310	2.541805000460716	2.5931525480104054	2.338338441527509	host	gene-LUU82_05310	None	None	0.03754247378173213
gene-LUU82_00055	4.2138159069539	4.534429603118866	4.184634171653893	host	gene-LUU82_00055	None	None	0.047731967059869686
gene-LUU82_06505	79.36828267493051	82.77304397340957	65.37961115211536	host	queF	None	None	0.8940799037180682
gene-SAM1_00155	1516.8854832383267	8922.724901804688	10795.474604489798	phage	gene-SAM1_00155	middle	late	2339.9001370515402
gene-SAM1_00229	956.2037581349988	449.0885160241617	975.937916172195	phage	gene-SAM1_00229	early	late	82.21575338004382
gene-LUU82_05370	17.59062690173042	21.857186834155982	17.11815481465123	host	gene-LUU82_05370	None	None	0.3055700221430257
gene-LUU82_12630	3595.0261189944704	3429.7839122620803	3065.0382445478003	host	rplF	None	None	55.054698989550104
gene-LUU82_07755	66.31690267394428	85.84611462929304	79.10873315320951	host	gene-LUU82_07755	None	None	1.3532426702903773
gene-LUU82_04415	40.684420610302965	40.7494834824706	32.010582235821566	host	gene-LUU82_04415	None	None	1.0583206914007144
gene-LUU82_03660	296.5268175078024	301.1938656556435	221.18306421442045	host	gene-LUU82_03660	None	None	21.122543903624695
gene-LUU82_05240	288.5642007108613	364.6002570396303	317.07319395133254	host	menB	None	None	3.6853057895808363
gene-LUU82_06005	4.8593717638629625	5.22569565508168	4.627772020709241	host	gene-LUU82_06005	None	None	0.023678158515918243
gene-LUU82_13470	517.0580633411732	638.4572468802786	618.0050214723707	host	mazE	None	None	7.120498530811229
gene-LUU82_07785	86.85322807987534	109.62651688163676	90.7202099828117	host	glmU	None	None	1.679671774275616
gene-LUU82_01600	69.29621981871539	79.74025712758335	69.97436750350873	host	gene-LUU82_01600	None	None	0.5542470643093282
gene-LUU82_11015	12.01662860058668	16.095141245780727	12.218271537908265	host	gene-LUU82_11015	None	None	0.3975832698473048
gene-LUU82_14015	990.5514626082901	1376.5940073976	1252.5643480188376	host	gene-LUU82_14015	None	None	51.12657694687297
gene-LUU82_02295	201.5177684003413	236.6502642102295	198.5700933115472	host	ruvX	None	None	2.110362495356203
gene-LUU82_12480	20.05549900809119	25.72182372450221	22.67362085417045	host	gene-LUU82_12480	None	None	0.4015157120727377
gene-LUU82_00635	78.54402985502497	106.69057207899618	119.84675467442247	host	gene-LUU82_00635	None	None	3.8593445252875753
gene-LUU82_06170	911.1617082909232	1089.5667763787171	858.7412293734141	host	gene-LUU82_06170	None	None	73.20302132618687
gene-LUU82_12930	103.51449815183179	118.31567641745397	101.49565846352102	host	gene-LUU82_12930	None	None	0.8005572534368208
gene-LUU82_07430	6.614348936087427	7.612141655189287	6.400392468536444	host	gene-LUU82_07430	None	None	0.07223021195486541
gene-LUU82_01155	93.17248972386516	120.20816177986488	110.9217246567111	host	gene-LUU82_01155	None	None	1.7684286110981111
gene-LUU82_02755	166.65654499400398	180.92909363370623	156.7052841440718	host	gene-LUU82_02755	None	None	1.0915431156635436
gene-LUU82_08420	153.15367614781118	154.58114488547022	123.91282319241515	host	ychF	None	None	1.653550670873193
gene-LUU82_03450	4.967962998220963	5.511691757047619	4.807949736903058	host	phoU	None	None	0.06720982387246371
gene-LUU82_07570	88.60839830418543	140.02471982303803	98.20005069700132	host	gene-LUU82_07570	None	None	5.58232084333822
gene-LUU82_06325	62.75080030958222	84.94784419038452	71.80049344618476	host	lgt	None	None	1.5619882248610024
gene-SAM1_00110	466.62157612516484	307.56412334080824	476.5641897456033	phage	gene-SAM1_00110	early	late	24.151119311811442
gene-LUU82_13140	46.302587909429995	62.59191761333997	55.1391610187867	host	gene-LUU82_13140	None	None	1.3614513044471555
gene-LUU82_04940	70.32033280563338	95.07713045268616	92.88014833512966	host	gene-LUU82_04940	None	None	1.8134094340237352
gene-LUU82_06920	54.88756944346225	79.20743896555071	52.60569343899761	host	gene-LUU82_06920	None	None	2.6859890352841322
gene-LUU82_12715	3798.4166286123086	3582.0371604442503	3073.5047604192314	host	rplM	None	None	38.19308847444744
gene-LUU82_10885	23.1949771544662	23.34356428413463	22.456895963811842	host	gene-LUU82_10885	None	None	0.18009391352034107
gene-LUU82_01680	163.85468534005244	176.92574859681858	180.71647861540922	host	gene-LUU82_01680	None	None	1.9012508273711226
gene-LUU82_13765	153.17079979622062	218.52402500142315	188.360974688538	host	gene-LUU82_13765	None	None	5.30968996871494
gene-LUU82_06415	28.762302967030724	32.25783756748245	27.271631419999768	host	gene-LUU82_06415	None	None	0.3527736428114318
gene-LUU82_04005	256.03019297271914	282.19937805538603	259.4446999161617	host	rny	None	None	0.8517649418896743
gene-LUU82_03170	25.93977037937637	31.215413366748113	28.874830202882375	host	gene-LUU82_03170	None	None	0.2905660557259891
gene-LUU82_06830	27.532225464966604	39.082678024968885	34.857959054910175	host	gene-LUU82_06830	None	None	0.7917531032979371
gene-SAM1_00127	566.388834973769	178.35216399346692	337.5254960100295	phage	gene-SAM1_00127	early	early	71.61185694163113
gene-LUU82_02365	18.776694141442565	21.847736325003705	17.342338518040517	host	gene-LUU82_02365	None	None	0.28355994156267605
gene-LUU82_09865	19.4114756399819	19.712590508298476	17.63093922061012	host	cstR	None	None	0.2784087990286792
gene-LUU82_00335	88.03203080976272	123.03400361674035	90.69138668869395	host	gene-LUU82_00335	None	None	3.308915216264335
gene-LUU82_13280	810.5073947166458	949.2117375296524	757.6090802524888	host	gene-LUU82_13280	None	None	16.205081135992785
gene-LUU82_06685	51.34511676977996	61.364702429424604	49.09422887107149	host	gene-LUU82_06685	None	None	0.6293642072527289
gene-LUU82_03365	2182.1801521104485	2896.604440593708	2592.6606626783796	host	cspA	None	None	100.31420648232186
gene-LUU82_10795	72.74002498316487	124.30054433666912	129.22066543646045	host	gene-LUU82_10795	None	None	6.06180058475077
gene-LUU82_07995	424.2431254493243	507.9908782399825	501.59419778193296	host	aaa	None	None	4.216839320757098
gene-LUU82_10405	4.9298522324151905	5.3038367930919526	4.930522127672405	host	gene-LUU82_10405	None	None	0.0891022998214129
gene-LUU82_08795	34.19688879812963	41.79251308222677	40.91475840326411	host	gene-LUU82_08795	None	None	0.4549917682041361
gene-LUU82_07845	56.900164584281946	59.63144159621445	45.95946697650201	host	gene-LUU82_07845	None	None	0.8395353286797577
gene-LUU82_03000	100.59443851782203	117.41873765096479	101.8924097533072	host	der	None	None	0.8851687145260161
gene-LUU82_02905	100.56735438171249	127.91003868440676	103.6370169064203	host	srrA	None	None	2.1647724470393572
gene-LUU82_09360	9.795970649550645	10.752829460637793	9.95638807678283	host	gene-LUU82_09360	None	None	0.09021252094164091
gene-LUU82_06345	16.845595212619298	23.890159770604843	21.700647153423784	host	gene-LUU82_06345	None	None	0.571572900393094
gene-LUU82_07950	24.86808102790789	20.28689016132854	23.983707153100173	host	gene-LUU82_07950	None	None	1.7763448373025634
gene-LUU82_00600	89.44657515482739	127.365261572547	149.76001635125556	host	gene-LUU82_00600	None	None	6.071736693933125
gene-LUU82_13370	58.42602053615976	69.04767978434985	64.82133392134223	host	gene-LUU82_13370	None	None	0.6574746150583775
gene-LUU82_06010	6.678632340615844	8.01823270087626	7.184833234550059	host	gene-LUU82_06010	None	None	0.10711037565657283
gene-LUU82_12895	131.53784049098473	283.27540942769866	135.6183436262265	host	gene-LUU82_12895	None	None	34.820740119077854
gene-LUU82_06510	224.04726548695717	358.5693323874366	391.7060088080045	host	gene-LUU82_06510	None	None	18.55283158427898
gene-LUU82_12605	4654.968128585812	4375.558929350669	4115.648137155714	host	rplN	None	None	89.63897707102365
gene-SAM1_00162	1995.4699745413566	743.7367324647512	872.5116079797799	phage	gene-SAM1_00162	early	early	266.5339326316311
gene-LUU82_13120	346.9039278708489	184.00145898215078	148.96646503111566	host	gene-LUU82_13120	None	None	36.1272853067997
gene-LUU82_03240	114.35991248836392	137.47679313796053	129.09062083059231	host	gene-LUU82_03240	None	None	2.1636775289966255
gene-LUU82_10755	60.30598183404356	67.52033300434432	61.107543397312476	host	gene-LUU82_10755	None	None	0.44219009796888037
gene-SAM1_00052	2379.9242052304353	733.7495406874597	875.6550393239871	phage	gene-SAM1_00052	early	early	422.65599779096505
gene-LUU82_11200	102.57922764203158	123.08415611428488	132.1631650298137	host	gene-LUU82_11200	None	None	3.2389174387331177
gene-LUU82_05660	107.72057422094531	109.92760289534179	90.1939039422735	host	gene-LUU82_05660_gene_lepB	None	None	0.946765755944271
gene-LUU82_04080	52.19045225833307	51.90275423202008	43.715330221774046	host	truB	None	None	0.6524934897886862
gene-LUU82_08425	257.2948791953027	245.53682082207172	196.79842975446402	host	gene-LUU82_08425	None	None	3.377390216075471
gene-LUU82_13660	51.069772631951146	71.24921100581328	61.490274683652764	host	gene-LUU82_13660	None	None	1.4490847234874689
gene-LUU82_00150	98.41274407435542	118.8394842495116	94.18266745727259	host	gene-LUU82_00150	None	None	1.817265292410421
gene-LUU82_08050	97.95628110468385	126.74737002808148	100.47345376812189	host	gene-LUU82_08050	None	None	3.9267563363160884
gene-LUU82_11055	35.41912542060308	68.18612240684722	92.6376996224667	host	cidA	None	None	10.067444928326013
gene-LUU82_04645	7.201465409177911	9.450567096399793	10.25500866616165	host	hyl	None	None	0.4034116506048157
gene-LUU82_00995	654.4469380653732	853.7123202764702	856.4344557187475	host	gene-LUU82_00995	None	None	38.83337640011229
gene-LUU82_09275	21.989160782982726	30.858526894841976	30.372213782826623	host	gene-LUU82_09275	None	None	0.7260910737781753
gene-LUU82_10610	13.14107384238416	13.360945291395758	12.403447416591144	host	gene-LUU82_10610	None	None	0.09266852973437507
gene-SAM1_00103	69.19781245782694	35.82300545684836	92.97759839028872	phage	gene-SAM1_00103	early	late	10.72939377844451
gene-LUU82_11305	11.146179085542274	16.069611255583613	15.594304330956675	host	gene-LUU82_11305	None	None	0.4239845556744467
gene-SAM1_00027	570.378788441241	159.46783551563257	264.8131998159178	phage	gene-SAM1_00027	early	early	94.96404088834562
gene-LUU82_11130	47.96594894365887	64.92714106845574	53.890951958439764	host	srtA	None	None	1.0571408906820765
gene-LUU82_13680	221.6709894091316	257.0826131242664	283.9122954399525	host	gene-LUU82_13680	None	None	4.350463135866333
gene-SAM1_00200	269.08984266521526	108.54157514828387	269.18815743928195	phage	gene-SAM1_00200	early	late	29.317641877572655
gene-LUU82_05025	135.59099434501502	115.73921588926572	76.806607721261	host	gene-LUU82_05025	None	None	6.430410648437802
gene-LUU82_08530	20.722882413211178	27.086259955337848	25.740534896879506	host	gene-LUU82_08530	None	None	0.4176016564608867
gene-LUU82_03210	56.773597086509575	50.75791463981873	42.29623587641127	host	gene-LUU82_03210	None	None	1.192566628578513
gene-LUU82_10635	23.17884065784261	26.58327561621451	27.778841117120106	host	gene-LUU82_10635	None	None	0.8084364776515139
gene-LUU82_01230	686.2549629746894	731.5408410554363	648.0850004187178	host	gene-LUU82_01230	None	None	56.88749110732295
gene-LUU82_00460	53.575494653037914	70.27088423101166	67.45895038001497	host	gene-LUU82_00460	None	None	1.0567478198009888
gene-LUU82_10800	32.543548270213826	43.44819948035627	42.928698883376875	host	gene-LUU82_10800	None	None	0.7633603623315782
gene-LUU82_04825	2891.6577100998493	2505.864315041514	2030.0376025054145	host	rpmF	None	None	62.60166386799477
gene-LUU82_12995	1519.363641583135	1425.6928143479563	1277.9291376400113	host	gene-LUU82_12995	None	None	28.122613001463467
gene-LUU82_07295	97.97323537285264	106.913530541133	90.23986829060878	host	gene-LUU82_07295	None	None	0.8272247265491629
gene-LUU82_00740	29.339629317773454	53.49554301371935	172.78011259561103	host	gene-LUU82_00740	None	None	46.529521427632666
gene-LUU82_09295	1.049621262198447	0.9337798833255372	0.8440654907779962	host	murQ	None	None	0.02612031768155841
gene-LUU82_12625	3877.2417503041947	3774.458225155464	3343.3988591482253	host	rpsH	None	None	44.94774206980879
gene-LUU82_08445	2.506274284301421	2.7149780906337155	2.324588523400271	host	gene-LUU82_08445	None	None	0.05148982801853694
gene-LUU82_06640	94.88339123417133	113.8474835601275	95.69645799270721	host	gene-LUU82_06640	None	None	0.8221937657509722
gene-LUU82_11210	43.13899868779978	58.9002488291232	58.098169807891395	host	gene-LUU82_11210	None	None	1.280860573774939
gene-LUU82_11655	4.388937905072138	5.248562989595506	4.553822218313361	host	bioB	None	None	0.08488868390924724
gene-LUU82_07735	102.9393047056933	101.80033672454577	82.73513102680714	host	tilS	None	None	1.0470603505469733
gene-LUU82_02845	47.455143530087405	51.89942031509838	45.52330569632138	host	rnz	None	None	0.26767323152248323
gene-SAM1_00149	4709.577146390162	1438.6365646090846	1721.496716087654	phage	gene-SAM1_00149	early	early	852.162510468621
gene-LUU82_07985	25.769348646549066	30.875854004435897	30.75779420243362	host	gene-LUU82_07985	None	None	0.38931954356744153
gene-LUU82_07015	43.53228966870481	35.986487378761296	37.70823487443858	host	mnhG2	None	None	0.39185442581372126
gene-SAM1_00044	2251.795758505768	608.6809098957448	880.1721580769143	phage	gene-SAM1_00044	early	early	416.94799805397406
gene-SAM1_00065	575.8026047318631	198.21431588779532	330.7253150155419	phage	gene-SAM1_00065	early	early	68.06696436519688
gene-LUU82_05260	137.2124253174096	149.58872343823887	108.77949577072745	host	gene-LUU82_05260	None	None	2.5647059575278304
gene-SAM1_00031	274.2572962078206	89.00540187963709	199.11947198878383	phage	gene-SAM1_00031	early	early	32.091588348104416
gene-LUU82_04465	86.94582973702968	80.62224269096038	63.56738224438266	host	lspA	None	None	1.3853677225882912
gene-LUU82_00525	162.15501064679103	208.5190396102444	194.7418588083474	host	gene-LUU82_00525	None	None	3.1399273607984592
gene-LUU82_00530	152.70454832824927	204.91315973665917	254.00612850264883	host	gene-LUU82_00530	None	None	9.798788682707055
gene-LUU82_05360	21.666190449060327	20.349953349509626	21.495535758380655	host	gene-LUU82_05360	None	None	1.0217774501845296
gene-LUU82_03555	39.092924295999076	45.386942008064345	36.08907136873854	host	gene-LUU82_03555	None	None	0.42989818164728705
gene-LUU82_03150	7877.132272676986	9193.34189091219	9503.555791213716	host	rnpB	None	None	108.63168492210295
gene-LUU82_10480	31.679092200287855	32.54115053218792	29.181979242129387	host	sasF	None	None	0.6966436384141184
gene-LUU82_12585	2845.207160616834	2692.3018378275524	2452.001242025537	host	rpsC	None	None	37.72233931183809
gene-SAM1_00160	1321.4794529169162	465.7976488166442	623.4524346285049	phage	gene-SAM1_00160	early	early	176.82788369704934
gene-LUU82_02225	2986.548724219383	3104.570311802466	3173.3859033607932	host	ssrS	None	None	22.673524573327487
gene-SAM1_00012	179.4500067475093	103.78780879124554	168.36200162677912	phage	gene-SAM1_00012	early	early	9.988559647092714
gene-SAM1_00224	985.6785364903645	569.8659168248722	1101.5178176682227	phage	gene-SAM1_00224	early	late	69.3961429043011
gene-LUU82_04180	105.72877898803625	96.56744022533114	75.39693765420576	host	hslV	None	None	1.9700054180891462
gene-LUU82_13565	0.8288705503437311	0.7321280589130845	0.6222182359783366	host	ilvC	None	None	0.0359767097661176
gene-LUU82_05580	18.03196802270259	26.951924068514717	22.204113764050106	host	gene-LUU82_05580	None	None	0.9062728918821947
gene-LUU82_08220	6.745325217577785	7.561460281612287	7.33571389907231	host	gene-LUU82_08220	None	None	0.048540477706519106
gene-SAM1_00144	412.3011354979069	144.8723496276844	302.9125835338141	phage	gene-SAM1_00144	early	early	44.0186433865336
gene-LUU82_10085	225.9757549281114	265.5412393428211	240.2657848630823	host	rplI	None	None	3.163977570505128
gene-LUU82_13300	889.5602712570959	1004.372636483104	816.4256408248667	host	atpD	None	None	25.269305972269983
gene-LUU82_09045	15.889762711259015	20.65262432664044	18.237157228269485	host	gene-LUU82_09045	None	None	0.2680176788785834
gene-LUU82_08720	57.31537788456354	65.70388587351077	61.206824105618864	host	gene-LUU82_08720	None	None	0.38878874456054835
gene-LUU82_01170	144.6665701332606	196.70835263877518	199.5021986643316	host	traP	None	None	4.039372783428789
gene-LUU82_10705	19.520204278573797	20.84056717232503	18.028185841890636	host	gene-LUU82_10705	None	None	0.2253649778842668
gene-LUU82_10285	1.2931052955923341	1.608516945675819	1.6392345304712197	host	gene-LUU82_10285	None	None	0.028002392353054188
gene-SAM1_00130	739.3330890317951	210.93076602946144	342.150364218215	phage	gene-SAM1_00130	early	early	120.35327843648409
gene-LUU82_13945	20.034242891723594	21.48712908049201	17.582755678049743	host	gene-LUU82_13945	None	None	0.23650745821278324
gene-LUU82_12920	47.006544193719925	52.93755810981315	47.65374409455905	host	gene-LUU82_12920	None	None	0.22044177184675606
gene-LUU82_09195	4.051192846061825	6.375964886317156	3.4362189445131066	host	gene-LUU82_09195	None	None	1.257150367918431
gene-LUU82_06300	57.57130475078998	68.86765113855127	64.12104616572397	host	gene-LUU82_06300	None	None	0.8588611030387485
gene-LUU82_04875	308.1948129874867	264.138085992905	162.95586313415802	host	gene-LUU82_04875	None	None	16.65419568955897
gene-LUU82_02760	85.98694847445684	99.90343364520821	84.0115481512867	host	argR	None	None	0.8211564400827535
gene-LUU82_07530	93.6682361867443	116.9724912873228	95.74666754681328	host	gene-LUU82_07530	None	None	2.104282436828553
gene-LUU82_10330	2.9309631193514583	2.9429879376212433	3.0752220162399975	host	gene-LUU82_10330	None	None	0.04193953183071442
gene-LUU82_10475	32.49350552843412	36.57738136120559	35.429392681831416	host	gtfB	None	None	0.21039234870172466
gene-LUU82_13570	1.9308672146648	1.583661018564846	1.5752582387508245	host	gene-LUU82_13570	None	None	0.14730619166703254
gene-LUU82_04090	243.96450338414084	220.42216460633733	192.2164279103841	host	infB	None	None	2.6114607354068022
gene-LUU82_03270	28.883788447023846	41.26292020459892	38.61786534310993	host	gene-LUU82_03270	None	None	0.8840213885461359
gene-LUU82_08455	4.910851614623027	5.584742380621061	5.160592758494623	host	metE	None	None	0.056961214481239385
gene-LUU82_01330	5.230171683052568	9.46876424209311	8.814728934994042	host	gene-LUU82_01330	None	None	0.5828184213639387
gene-LUU82_11040	140.43936232401185	129.29261977789466	109.17478712228909	host	gene-LUU82_11040	None	None	1.7238018361357166
gene-LUU82_00975	868.6799036561498	1057.2979884630531	965.5804975525016	host	gene-LUU82_00975	None	None	51.73094490629685
gene-LUU82_01585	115.86304440285879	144.14034033505	119.80485712701682	host	gene-LUU82_01585	None	None	1.9827486504159304
gene-LUU82_05770	29.023133845048946	36.42610757097636	33.199025914706134	host	gene-LUU82_05770	None	None	0.4470144618403683
gene-LUU82_05280	69.92722698929559	81.82047854147432	84.2605918204804	host	gene-LUU82_05280	None	None	0.9110565496046195
gene-LUU82_04060	134.21394851882744	152.32660172489912	128.5878489023023	host	gene-LUU82_04060	None	None	0.8154333422745278
gene-LUU82_00420	70.55940318083408	84.93276575509371	65.5806618302057	host	murT	None	None	0.9448092870369313
gene-LUU82_11920	9.329268282351451	16.887152512934463	9.570745017267097	host	gene-LUU82_11920	None	None	1.0759653007071563
gene-LUU82_10275	6.3586233862050365	7.235182132415544	6.710651501731913	host	gene-LUU82_10275	None	None	0.05932723996685058
gene-SAM1_00116	641.1131776981023	614.2207668000668	805.9009392948637	phage	gene-SAM1_00116	early	late	19.046273552641004
gene-LUU82_06025	5.8133968740534465	6.924876050577663	7.281453109006335	host	gene-LUU82_06025	None	None	0.16805327170087314
gene-LUU82_03330	34.546948297612374	42.116353608590394	38.18215264769493	host	gene-LUU82_03330	None	None	0.3227899395284032
gene-LUU82_03175	44.218779266720226	53.520978020300504	50.05323752195506	host	gene-LUU82_03175	None	None	0.5451160716010724
gene-LUU82_06845	193.0911203885494	194.76091191761125	157.25476899116458	host	gene-LUU82_06845	None	None	2.044435278007486
gene-LUU82_01785	26.25670356625531	35.94894271227636	33.3886719133055	host	gene-LUU82_01785	None	None	0.6876769812462946
gene-LUU82_06605	79.91604633181828	79.37972448080552	60.218468670333515	host	gene-LUU82_06605	None	None	1.2836301898961506
gene-LUU82_05855	73.7591569896476	86.58305988649191	72.11246464121915	host	gene-LUU82_05855	None	None	1.1676320048865692
gene-LUU82_05890	26.55384736600134	32.06446802212428	28.789053395148983	host	gene-LUU82_05890	None	None	0.4024405559096606
gene-LUU82_13550	6.0376179336183995	5.035086191671744	3.664718866812622	host	leuC	None	None	0.26741342500370363
gene-LUU82_00160	5.458504485642041	7.400104796502259	8.446981315928026	host	eap	None	None	0.2987269320829186
gene-LUU82_05245	102.79102288451969	119.96539519436301	99.36539421182046	host	menH	None	None	1.446005733693278
gene-LUU82_07235	11.670634383491551	15.619619031354931	15.85857706450868	host	gene-LUU82_07235	None	None	0.37236434395093765
gene-LUU82_13260	179.9366785684804	238.7469425250729	227.91505013146752	host	wecB	None	None	6.404466129827716
gene-LUU82_02070	65.47365052429844	61.089948897450256	54.051084427551594	host	gene-LUU82_02070	None	None	0.8021786163675796
gene-LUU82_13430	1.0062760186249535	1.0020106058765796	0.8620708793235404	host	kdpA	None	None	0.014771718355144469
gene-LUU82_01460	26.32009273625768	30.2091154526927	25.466816980152846	host	crcB	None	None	0.2157879651149906
gene-LUU82_12890	2.7307304062191755	4.3830606319659315	2.5201768121008823	host	gene-LUU82_12890	None	None	0.3922969371577624
gene-SAM1_00230	823.2517801826451	402.98745672801937	750.8569638394943	phage	gene-SAM1_00230	early	early	56.15394868461997
gene-LUU82_11960	23.18169911353645	31.127512497523842	27.17005474034853	host	gene-LUU82_11960_gene_mqo	None	None	0.5345318389811333
gene-LUU82_03760	43.883003864839424	58.79451162035435	51.674839793496886	host	gene-LUU82_03760	None	None	1.1136481001391325
gene-LUU82_06760	170.1357426411787	193.78786117122797	168.36938648555127	host	gene-LUU82_06760	None	None	2.1741423250109797
gene-LUU82_12030	129.01462169053448	147.9466024436862	139.35782684724128	host	gene-LUU82_12030	None	None	1.1567474019562503
gene-LUU82_06595	58.606713967870924	45.794268873674774	37.27913377884054	host	queD	None	None	1.8881723662327143
gene-LUU82_08835	722.913079101826	664.915702036459	714.8695668056716	host	esxA	None	None	3.6066489660903556
gene-LUU82_00625	108.03211805209492	153.69096826597524	176.95591509825113	host	gene-LUU82_00625	None	None	7.471046167527305
gene-LUU82_07660	1678.499266436985	1649.5094395782771	1485.1585567759823	host	gene-LUU82_07660	None	None	59.984017726275546
gene-LUU82_06555	267.17023077839923	266.40898685823714	224.802271476045	host	ltaS	None	None	2.0429565876173372
gene-LUU82_06350	18.08486859812295	23.489551124370646	21.64013319425196	host	gene-LUU82_06350	None	None	0.44434465512025345
gene-LUU82_00300	37.02937063631411	53.97022714448864	45.93984674641393	host	gene-LUU82_00300	None	None	1.4931339294886552
gene-LUU82_04045	58.186625239104266	65.99332582307586	57.490869653607064	host	gene-LUU82_04045	None	None	0.4821065798120913
gene-LUU82_09005	4.083217118450839	4.391673968171149	4.460542503097306	host	gene-LUU82_09005	None	None	0.013699961023426193
gene-LUU82_10915	61.985786460931195	65.7011668218902	55.62186605849078	host	gene-LUU82_10915	None	None	0.5909787653548231
gene-SAM1_00168	711.8035145146665	914.1865058713769	804.9659962367601	phage	gene-SAM1_00168	early	middle	12.664485677732934
gene-LUU82_08750	12.88119213782028	13.86281805765716	13.008375722896716	host	gene-LUU82_08750	None	None	0.13115280902075094
gene-LUU82_00015	6.059233952021991	6.360380740355789	5.276743881438358	host	gene-LUU82_00015	None	None	0.0781292587430379
gene-LUU82_12905	33.32744068002821	56.26703593600149	36.30286373770331	host	gene-LUU82_12905	None	None	2.845651418275952
gene-SAM1_00087	3443.6913473881373	1304.7583845751394	1020.9793164113644	phage	gene-SAM1_00087	early	early	621.3738771880927
gene-LUU82_07925	109.86769131426904	116.41826795285942	81.68523818397503	host	gene-LUU82_07925	None	None	7.032875713581798
gene-LUU82_06115	97.40097572291972	89.7509682256371	85.6495761429209	host	gene-LUU82_06115	None	None	1.364976598809527
gene-LUU82_05790	93.48814177228223	110.20640397463798	104.18826445038826	host	gene-LUU82_05790	None	None	1.0515867790489395
gene-LUU82_02135	3578.3150177084985	3378.4041848135007	2930.3649530044354	host	rplU	None	None	39.32308626503518
gene-LUU82_01985	140.66851193379384	192.5016856234386	178.67806879129571	host	thrS	None	None	4.49154174961194
gene-LUU82_11440	17.246419834207178	24.01230873591193	15.006105617230821	host	gene-LUU82_11440	None	None	1.111559436969251
gene-LUU82_09050	10.438662917907907	12.124876948749636	10.53393370764801	host	gene-LUU82_09050	None	None	0.1935771943237334
gene-LUU82_06835	350.09376793180564	414.778802170535	381.57304811874855	host	gene-LUU82_06835	None	None	2.9152735824726825
gene-LUU82_05300	129.04803701816346	166.53675036021366	145.93753658706666	host	gene-LUU82_05300	None	None	4.5255246343825934
gene-LUU82_07070	698.3367263261626	642.9993843821591	619.496473203345	host	sarA	None	None	9.094058478288883
gene-SAM1_00091	1274.9752354335599	954.0195834053916	860.7009221699924	phage	gene-SAM1_00091	early	early	37.93433117907263
gene-LUU82_05105	64.41348178612832	108.08831932960145	98.25920342604066	host	purM	None	None	6.24559335789417
gene-LUU82_11350	99.50461527475174	186.26359948003633	70.88953476909265	host	gene-LUU82_11350	None	None	75.15792791923464
gene-LUU82_10500	23.432608729877497	25.340256061710154	23.866646536788455	host	manA	None	None	0.24526326611773677
gene-LUU82_09605	2.6879460939181623	2.5992012668243762	2.399170903628545	host	gene-LUU82_09605	None	None	0.024429328344557435
gene-LUU82_00435	6.083182581416942	7.153638122717702	6.052663585474335	host	gene-LUU82_00435	None	None	0.11914410153276278
gene-LUU82_00915	206.01440741000775	256.6601103427903	201.48612856523042	host	gene-LUU82_00915	None	None	14.749463498921987
gene-LUU82_01160	35.6926382105301	48.12536754515752	40.476531732054355	host	gene-LUU82_01160	None	None	0.7154813025886838
gene-LUU82_03910	22.623371337194445	23.221867136040927	18.163163296549808	host	hflX	None	None	0.29281338243640576
gene-LUU82_04820	3.4360408531682274	5.950737784785236	3.6386523425299426	host	isdB	None	None	0.3522938589429196
gene-LUU82_05005	102.18719191910695	120.78730188904996	98.53657772183185	host	def	None	None	1.3799731673546123
gene-LUU82_05955	21.69623673665669	25.743338585167532	30.09924101667392	host	gene-LUU82_05955	None	None	1.01212651458089
gene-SAM1_00045	3278.6776090592325	847.979735942085	1519.1465714914812	phage	gene-SAM1_00045	early	early	564.6341407023699
gene-LUU82_09460	5.721233045594896	5.550026447210723	5.249516401816909	host	cap8J	None	None	0.08124657037806453
gene-SAM1_00169	1331.580820866123	1053.6180826776363	1261.9715052929162	phage	gene-SAM1_00169	early	early	16.526903046539108
gene-LUU82_11680	2.482868500024255	3.264953600573399	3.5308842455749705	host	hlgC	None	None	0.08440466587998281
gene-LUU82_07075	68.07818315153963	71.25436924412037	72.13479476790219	host	gene-LUU82_07075	None	None	0.7407054380870741
gene-LUU82_09250	1.880778778703208	2.6315739565425655	2.546502871622748	host	gene-LUU82_09250	None	None	0.08938838145995577
gene-LUU82_05290	474.9012651740233	702.3542923084009	893.8220753610012	host	gene-LUU82_05290	None	None	58.00130847552848
gene-LUU82_04720	34.62728128859113	34.685157165452175	38.547417849036016	host	gene-LUU82_04720	None	None	0.7927726294584791
gene-LUU82_01440	141.42524045462528	160.9532976483779	142.3806954737911	host	metK	None	None	1.0836141829679093
gene-LUU82_12545	84.7024002839911	122.04290788847896	101.5613232097514	host	gene-LUU82_12545	None	None	2.679862658396875
gene-LUU82_01630	218.3442135546392	251.5568947072729	219.46807906388494	host	trmB	None	None	1.9800731998690126
gene-LUU82_07775	3017.1147367364306	2659.092164096537	2425.9758132600496	host	gene-LUU82_07775	None	None	45.68752703968653
gene-LUU82_02165	214.70662490498822	181.0696511206589	158.01389552343585	host	ruvB	None	None	5.000354173210839
gene-LUU82_07055	4.7104189100096265	5.443198423248404	4.406739531454455	host	gene-LUU82_07055	None	None	0.10262916042054156
gene-LUU82_04865	45.396182281896394	49.74931995777385	38.606683420239214	host	gene-LUU82_04865	None	None	0.5382295041901975
gene-SAM1_00231	1104.58022270253	570.3549998135464	1022.7098365581329	phage	gene-SAM1_00231	early	early	68.8220431289084
gene-LUU82_05225	6.213034857010862	7.271015778383595	6.56167809553988	host	sspA	None	None	0.11276331212499616
gene-LUU82_02450	305.13698990825543	398.3150722094697	275.01374811933323	host	hrcA	None	None	9.782360989898729
gene-LUU82_03775	10.65556079662994	11.84102046089449	11.387714288797218	host	gene-LUU82_03775	None	None	0.0701530980290742
gene-LUU82_04355	125.8849921270849	122.62423239652423	111.07111086066497	host	rlmN	None	None	1.0017812460505946
gene-LUU82_01135	101.38476723133476	134.10481523215094	123.29852249192419	host	yhaM	None	None	1.8700548782842148
gene-LUU82_04220	89.69939789890327	104.09699343905663	89.98378764784849	host	sucC	None	None	0.9136104735335676
gene-LUU82_01385	11.958222759637126	14.952633803041325	11.093015992575744	host	gene-LUU82_01385	None	None	0.43651209650176065
gene-LUU82_01315	0.7973165755208548	1.139157302295857	0.585714194117145	host	gene-LUU82_01315	None	None	0.17049803630453186
gene-LUU82_06420	46.31207587060447	53.987418898654	45.41732067021002	host	gene-LUU82_06420	None	None	0.8238174477649292
gene-LUU82_12005	49.567088039238904	45.09325836307418	42.236798874397294	host	gene-LUU82_12005	None	None	0.39041204373390254
gene-LUU82_12260	149.1392526692485	189.8466044976125	144.5312737614041	host	gene-LUU82_12260	None	None	5.467517182590646
gene-LUU82_12255	88.2232743382804	88.74961451742081	118.8938939786255	host	gene-LUU82_12255	None	None	2.480542269367955
gene-LUU82_08695	30.626138195330213	32.94743476393101	34.05854188778651	host	gene-LUU82_08695	None	None	0.4274619776042732
gene-LUU82_04375	258.76778970429086	267.349087859313	267.23552971251803	host	gene-LUU82_04375	None	None	0.9833019303226153
gene-LUU82_10260	38.57319996475054	34.52619362143539	35.86235808597456	host	bstA	None	None	0.41760872082961975
gene-LUU82_04725	20.74050753384528	22.515438402541985	21.34213993926544	host	uvrC	None	None	0.21365954699271658
gene-LUU82_05925	360.44663094436265	348.83070206294843	306.86402759050355	host	sufC	None	None	4.786141119498389
gene-LUU82_06765	62.59490158489853	77.89633780702361	60.78121893402969	host	gene-LUU82_06765	None	None	1.0406795639458357
gene-LUU82_03600	107.25653368031475	108.74645413637536	92.58939697278538	host	parC	None	None	0.9753296351345438
gene-LUU82_09600	4.741954216012797	4.7742230931902725	3.927522240727488	host	gene-LUU82_09600	None	None	0.08201076548014363
gene-LUU82_00660	100.31180307111504	142.93493075167328	166.52734564699884	host	gene-LUU82_00660	None	None	6.695615204996833
gene-LUU82_00950	751.482333004643	1060.14431148459	1018.1338097850366	host	gene-LUU82_00950	None	None	46.51808526981118
gene-LUU82_07020	60.54415594149831	50.18163671840827	53.85638805110526	host	mnhF2	None	None	0.539456771452674
gene-LUU82_11620	24.738871814427288	22.0577133493067	22.34247485860819	host	gtxA	None	None	0.1782507023059006
gene-LUU82_06375	103.67965136778042	142.10300232666444	122.25105620560866	host	secA	None	None	2.968537265303288
gene-LUU82_03120	445.5487188303576	410.19452272476383	374.22846871943653	host	gene-LUU82_03120	None	None	3.651130952061456
gene-LUU82_06160	41.97899366520801	51.6960766104037	45.710737162775196	host	gene-LUU82_06160	None	None	0.7693156554621168
gene-LUU82_14000	1921.1553742635544	2343.479913103732	2564.7427504780544	host	gene-LUU82_14000	None	None	45.49170305722163
gene-LUU82_07720	66.89054786103777	84.6952890848377	70.31386433330775	host	hslO	None	None	1.0176724856788486
gene-LUU82_11315	21.31066082312172	28.840641344498437	23.432077475090704	host	gene-LUU82_11315	None	None	0.6299361652964424
gene-LUU82_11360	91.96129888845958	111.7865353322934	111.88346955059005	host	gene-LUU82_11360	None	None	1.1954585938304336
gene-LUU82_10065	144.1436288827342	142.1098718800612	119.28479485581352	host	gene-LUU82_10065	None	None	14.138864394074927
gene-LUU82_11410	28.82308695044298	28.1923549911443	26.78224044000024	host	gene-LUU82_11410	None	None	0.5407620171039437
gene-LUU82_08565	31.33668445667135	33.8796822483746	32.089888771131875	host	mepR	None	None	0.313186793465221
gene-LUU82_10965	113.2229139656779	125.0135021489395	122.42192963545112	host	copZ	None	None	0.6774176117232196
gene-LUU82_07525	62.76241139647138	77.82243800545385	63.18557572652649	host	gene-LUU82_07525	None	None	1.1403533716257805
gene-LUU82_12410	43.85024356198212	56.06202543695596	53.48600974578128	host	gene-LUU82_12410	None	None	0.7181761015579893
gene-LUU82_06570	53.55951317969104	59.774459651493025	56.36422170702491	host	gene-LUU82_06570	None	None	0.37924540948519464
gene-LUU82_02900	65.13047095397167	71.53961213742265	60.92956711133858	host	gene-LUU82_02900	None	None	0.3537215081925242
gene-LUU82_08715	5.34092135162458	9.939209627672225	4.678091301627051	host	gene-LUU82_08715	None	None	2.7883813517096576
gene-LUU82_12195	49.810409180139494	59.25185996389464	52.799862722018645	host	gene-LUU82_12195	None	None	0.4252304345403135
gene-LUU82_11895	17.85391524495067	21.308213874905093	17.261881681564585	host	gene-LUU82_11895	None	None	0.2856596418147119
gene-LUU82_12205	68.44964913850909	79.794764316562	70.59618672327309	host	gene-LUU82_12205	None	None	0.40975575826138766
gene-LUU82_05215	21.880993866426994	23.851905587136688	18.47117082927375	host	gene-LUU82_05215	None	None	0.34965677621766383
gene-LUU82_12305	1286.1988282487557	1212.5672660344965	965.2775595860347	host	gene-LUU82_12305	None	None	28.25813873085728
gene-LUU82_01810	9.571263966956321	9.96356795579272	8.487658678220324	host	gene-LUU82_01810	None	None	0.11019332101473485
gene-LUU82_01450	17.841209922206207	26.61292789195646	23.50184287913295	host	gene-LUU82_01450	None	None	0.7547253147582688
gene-LUU82_07855	54.61724977844127	68.62588843229794	55.91649809722807	host	yabA	None	None	1.2130208010514112
gene-LUU82_09730	262.61161983489103	203.13138495920884	153.19332606873118	host	gene-LUU82_09730	None	None	10.503709300435576
gene-LUU82_01790	5.961202754020552	7.728512662440212	6.99823824033817	host	gene-LUU82_01790	None	None	0.12685882158408665
gene-LUU82_03745	6.412303903005191	6.225319269250725	7.89425256634329	host	gene-LUU82_03745	None	None	0.19652246486135544
gene-LUU82_00550	86.34229762672419	119.08338803628719	147.7822331294485	host	gene-LUU82_00550	None	None	6.256992382424772
gene-LUU82_04625	1.5081096357844856	1.620084683512162	1.4375794082122324	host	gene-LUU82_04625	None	None	0.028700248619963422
gene-LUU82_07330	5.785058405815479	7.205683877861714	5.998501297154989	host	gene-LUU82_07330	None	None	0.09969943542055416
gene-LUU82_11420	3.958534328722655	3.6727768356770896	2.88700362953267	host	cntK	None	None	0.0643156068331864
gene-LUU82_12525	24.96619704424244	31.43435149522701	25.74513258954639	host	gene-LUU82_12525	None	None	0.4255834152801473
gene-LUU82_03455	35.20305623638552	49.402962826834	44.23650277070055	host	gene-LUU82_03455_gene_pepF	None	None	1.1677300453039754
gene-SAM1_00202	557.0679037241598	200.82470732829236	410.1493372579917	phage	gene-SAM1_00202	early	early	57.66195776118644
gene-LUU82_07345	161.21433109218077	224.83569200902903	208.63849177494987	host	hxlB	None	None	5.082763028165707
gene-LUU82_07515	535.1163149977388	588.937958081624	468.76434374525417	host	secE	None	None	4.985370595120855
gene-LUU82_08710	39.89929025714642	45.113710904067005	40.57796593829707	host	gene-LUU82_08710_gene_brnQ	None	None	0.19679801256732027
gene-LUU82_10765	135.9908409679915	157.14068219963266	143.71219659346642	host	panC	None	None	2.5101855207868766
gene-LUU82_13255	225.8688272901724	306.25973928905165	291.95704838687186	host	upp	None	None	9.629103342902917
gene-LUU82_08095	12.209849419213972	13.435792713193292	10.919135703291303	host	gene-LUU82_08095	None	None	0.2050814012403525
gene-LUU82_10055	71.13386444915659	86.0955992475681	78.50153952921183	host	walK	None	None	1.3764450461740503
gene-LUU82_13330	20.717685170700978	27.011765081700272	21.497195923565048	host	gene-LUU82_13330	None	None	0.4557033884418372
gene-LUU82_11875	95.59094833020151	82.26323500253835	50.603079320883865	host	gene-LUU82_11875	None	None	5.606335424455138
gene-SAM1_00198	422.02265863464095	171.04314807978471	374.36529518247426	phage	gene-SAM1_00198	early	early	43.557539208963924
gene-LUU82_12500	88.07896006000868	111.0310504697123	91.6735527013909	host	mspA	None	None	2.022878995234415
gene-LUU82_12025	190.25069931628298	224.14107123095016	205.44851148058308	host	gene-LUU82_12025	None	None	1.706948087871289
gene-LUU82_03485	16.57004753571798	15.572937878931723	14.570238710067125	host	gene-LUU82_03485	None	None	0.12370956110123123
gene-LUU82_09140	18.396725790305677	25.360478711882205	23.580625349059403	host	gene-LUU82_09140	None	None	0.5031454472772253
gene-LUU82_01740	13.551644149352585	15.636744115861433	13.108835823234974	host	gene-LUU82_01740	None	None	0.1279264202835018
gene-LUU82_06635	30.92705469162944	40.80794044567491	37.407989015808376	host	gene-LUU82_06635	None	None	0.690898551532003
gene-LUU82_06320	56.3244750734495	72.57498966221438	63.089708826080965	host	gene-LUU82_06320	None	None	0.8758830873803555
gene-LUU82_04010	269.5163500518866	291.16212415760356	237.23698138630314	host	recA	None	None	2.150782656987996
gene-LUU82_06725	22.769145180672638	26.88048692439709	22.42038105021361	host	gene-LUU82_06725	None	None	0.32183296134093653
gene-LUU82_04515	854.1581988908318	945.0235971440096	862.9266346553045	host	ftsZ	None	None	3.9684816561583776
gene-LUU82_08910	11.400018209586689	13.653932887316948	12.508660424954954	host	rbsK	None	None	0.16408011374615322
gene-LUU82_01035	3058.1799224026704	3146.462017924597	3159.6453625288536	host	gene-LUU82_01035	None	None	42.9390725852143
gene-LUU82_01570	64.3448115227478	73.09594130841273	61.91993000951815	host	gene-LUU82_01570	None	None	0.4527513670067234
gene-LUU82_06235	76.57312763615322	80.59840417846625	68.59721406662887	host	gene-LUU82_06235	None	None	0.4958708340743879
gene-LUU82_03460	33.08034801885969	41.172306070482	36.01006860486118	host	gene-LUU82_03460	None	None	0.6565008167242619
gene-LUU82_05555	5.876427290395076	8.851363099541743	12.418483886585035	host	gene-LUU82_05555	None	None	0.8939978717141689
gene-LUU82_01625	279.03737134459334	310.2983254532087	278.08835323933357	host	gene-LUU82_01625	None	None	1.8605948507598586
gene-LUU82_10315	2.204164420526247	2.2302488279855726	2.4290264877418095	host	gene-LUU82_10315	None	None	0.025755830944824948
gene-LUU82_05035	60.50193023370216	42.1097801064436	14.412974160739461	host	gene-LUU82_05035	None	None	10.695367657677949
gene-LUU82_11345	55.74779990804537	71.04223576298568	67.2666963246118	host	gene-LUU82_11345	None	None	1.207653286932019
gene-LUU82_03305	35.85195486316653	39.96087396865577	40.21544071633097	host	arlS	None	None	0.4410236343953143
gene-LUU82_03730	65.33430032134025	81.06683244576583	73.77494468757489	host	gene-LUU82_03730	None	None	0.6709544265898254
gene-LUU82_07980	36.625381848513605	45.10549866970788	43.66927374218269	host	gene-LUU82_07980	None	None	0.6341774051538887
gene-LUU82_11825	10.07380962270427	64.3508714202389	5.551842847706759	host	narJ	None	None	112.73769498090205
gene-LUU82_13855	101.92662509963964	107.92591317367986	94.60976664732709	host	gene-LUU82_13855	None	None	2.6015872447821966
gene-LUU82_02010	67.97827741049744	74.23192004316668	62.313273875963354	host	gene-LUU82_02010	None	None	0.450450017970696
gene-LUU82_04490	107.93407323282842	118.82462161407138	102.00548381436205	host	gene-LUU82_04490	None	None	0.7847104015305809
gene-LUU82_13760	184.13027478858794	258.97130958522365	224.82087373344476	host	gene-LUU82_13760	None	None	6.1007866161146
gene-LUU82_01185	68.15359934865937	66.75305829026684	53.893062894096374	host	hemH	None	None	1.4338448761725893
gene-LUU82_03625	114.42140902177154	96.33664642777372	124.20429603570183	host	acnA	None	None	2.4120384347042108
gene-LUU82_13910	196.15374677320878	216.15359300014063	187.51259379804287	host	gene-LUU82_13910	None	None	4.376733776142579
gene-LUU82_08345	68.43235747026078	89.10550115738316	78.84605589291239	host	gene-LUU82_08345	None	None	1.1884103138289868
gene-SAM1_00019	1521.5718294978872	765.0678013396522	1421.7312668261764	phage	gene-SAM1_00019	early	early	101.36323275608075
gene-LUU82_03545	45.0327565383194	54.63998059144117	47.460829008165895	host	gene-LUU82_03545	None	None	0.5191911330699608
gene-LUU82_05910	531.2681642545182	490.0601401966713	444.81321828609595	host	gene-LUU82_05910	None	None	11.956319329327913
gene-LUU82_03535	2.83124231308584	3.340368927828253	3.297021840302177	host	gene-LUU82_03535	None	None	0.05163162288783992
gene-SAM1_00143	914.5942901382964	317.3124893394368	515.809335094052	phage	gene-SAM1_00143	early	early	110.65188460499569
gene-LUU82_02800	71.15057220634849	85.22260363192247	74.39356604577178	host	prli42	None	None	2.56329667890081
gene-LUU82_04120	172.48835054985122	169.47817822237423	156.45383599846642	host	gene-LUU82_04120	None	None	1.0969664104433685
gene-LUU82_07025	30.906618041550775	27.270864655039457	27.90215914760738	host	mnhE2	None	None	0.2698731931041739
gene-SAM1_00194	948.1847045398271	355.3284751673178	808.0419420509766	phage	gene-SAM1_00194	early	early	96.34605379803811
gene-LUU82_05355	2.0083412878234452	2.2365968931138567	1.9045104091594904	host	gene-LUU82_05355	None	None	0.029481981819590462
gene-LUU82_00285	32.34590221935758	34.96046655220248	32.577506973347326	host	gene-LUU82_00285	None	None	0.36086916041700295
gene-LUU82_02705	61.85143306119026	78.87939322772004	62.23780757282458	host	gene-LUU82_02705	None	None	1.0773686862772622
gene-LUU82_02040	187.5806014794678	185.89982058301857	154.11717688725716	host	hemA	None	None	2.148789413686381
gene-LUU82_02470	136.3528412027313	180.8798983249106	142.17659866726805	host	prmA	None	None	3.1602457469699927
gene-LUU82_07185	11.25696565008847	15.244309074659304	13.31267691722991	host	gene-LUU82_07185	None	None	0.2744824069691458
gene-LUU82_06975	93.69116239426683	126.63214408928025	102.97206607562897	host	tagH	None	None	2.110148497029998
gene-LUU82_12795	19.398406322364877	22.80931981726943	19.400655113672858	host	gene-LUU82_12795	None	None	0.22131640925637858
gene-LUU82_12070	9.029856278422837	10.174138856671833	9.343882924906396	host	gene-LUU82_12070	None	None	0.08195580791209704
gene-LUU82_02970	59.180089788524526	67.11652285007098	48.41536106937391	host	gene-LUU82_02970	None	None	1.094829057402106
gene-LUU82_13095	52.80318019236969	54.423930720998534	47.2570436870411	host	gene-LUU82_13095	None	None	1.514038451229421
gene-LUU82_03380	8.02778774615335	10.094614667660062	9.071037724128132	host	gene-LUU82_03380	None	None	0.2504583123326989
gene-LUU82_05600	0.8470687553889175	1.0338014584558495	0.70694245178662	host	gene-LUU82_05600	None	None	0.03891669457272727
gene-LUU82_10390	1.4379497545608022	1.7910251434760376	1.6190848273324374	host	gene-LUU82_10390	None	None	0.03203049293098462
gene-LUU82_08510	3.5252369794516696	3.8440732583596606	3.191499295820741	host	gene-LUU82_08510	None	None	0.04513373473028982
gene-LUU82_09825	9.935109995608867	13.14021571500008	12.116749586053842	host	gene-LUU82_09825	None	None	0.19874279834400405
gene-LUU82_01500	251.2803711023687	250.72239289413497	216.87676444014957	host	gene-LUU82_01500	None	None	1.7756380140209238
gene-LUU82_01885	33.97274792216394	41.15209057047529	35.88873733002463	host	gene-LUU82_01885	None	None	0.5813800559625535
gene-LUU82_02420	41.23287673577058	49.32717050214138	44.848764897200596	host	gene-LUU82_02420	None	None	0.5235753522725198
gene-LUU82_11860	131.50610648941083	185.60128119592846	186.16180977305876	host	gene-LUU82_11860	None	None	4.560978271198567
gene-LUU82_05905	380.3007877828001	363.81008944210885	322.6901747369214	host	sufB	None	None	4.544083323013132
gene-LUU82_06265	497.7526934454351	669.8458293425194	549.3106727198677	host	gene-LUU82_06265	None	None	28.08247020711528
gene-LUU82_12675	4006.1278488245734	3957.3829841432707	3735.8416313329944	host	rpsM	None	None	52.00748035610894
gene-LUU82_06400	26.5608541602204	35.585367098003765	27.830220371096004	host	gene-LUU82_06400	None	None	0.7310739107541001
gene-LUU82_01760	54.147497005153774	61.70903528165718	53.23873320234375	host	nagE	None	None	0.5497618934661404
gene-LUU82_01935	34.6465880359029	37.42122571872438	32.71392589252214	host	gene-LUU82_01935	None	None	0.35207674583093934
gene-LUU82_01095	28.993481407085337	34.39817465986509	30.08573156258764	host	gene-LUU82_01095	None	None	0.3508081423780835
gene-LUU82_08770	151.72908659946378	188.17544186247827	175.25043558765137	host	gene-LUU82_08770	None	None	4.073175256546257
gene-LUU82_10900	1.7945201497865648	2.6812899173543383	2.226450663312327	host	gene-LUU82_10900	None	None	0.2226151895235475
gene-LUU82_07975	35.80087234687131	45.94117697277881	41.8020650268958	host	gene-LUU82_07975	None	None	0.613666784198035
gene-LUU82_10145	205.44524975078875	246.83518840607348	230.35462527629616	host	yaaA	None	None	2.2746326999525746
gene-LUU82_12915	19.536962099463153	23.611512438268104	20.831613436579733	host	gene-LUU82_12915	None	None	0.2852746404894285
gene-LUU82_13995	6.228418324158817	6.698273082054549	6.107653018987382	host	gene-LUU82_13995	None	None	0.033493447779216215
gene-LUU82_09830	14.170293232357905	18.03951301300894	15.274063959729697	host	gene-LUU82_09830	None	None	0.3322809986474157
gene-LUU82_10940	27.808604262452395	26.212381383328133	24.045730410643174	host	crtQ	None	None	0.41968521042741164
gene-LUU82_06220	20306.814140685638	24787.061927949082	26583.23385883952	host	ssrA	None	None	324.1445288747383
gene-LUU82_02555	220.47949051074025	235.1444214131948	191.87836647791758	host	rpoD	None	None	2.032697715311587
gene-LUU82_05180	29.130030632505676	32.71004830260832	29.213546499568846	host	fmtA	None	None	0.22068676475749158
gene-LUU82_11140	4.251819868998303	5.2629972286741795	5.0257558999835465	host	gene-LUU82_11140	None	None	0.04897901791069612
gene-LUU82_13220	151.98450067397613	161.37092057860482	128.2586699395791	host	gene-LUU82_13220	None	None	1.8117418812589758
gene-LUU82_10365	3.6658833598808744	3.9016196460234833	3.5475879134571606	host	icaC	None	None	0.022888141554846256
gene-LUU82_05195	29.51287342188948	27.64668357614494	27.78442782757261	host	gene-LUU82_05195	None	None	0.4808503217441634
gene-LUU82_10355	14.142909644763286	13.392693973902269	12.463612303192546	host	gene-LUU82_10355	None	None	0.08163792886122322
gene-LUU82_06190	5.6722010596167225	5.249471023533902	5.531716841007704	host	vwb	None	None	0.30011117583560487
gene-SAM1_00133	3769.053185140374	1390.8354110814416	1433.7054173101978	phage	gene-SAM1_00133	early	early	591.0644341025705
gene-LUU82_10925	39.28509890873823	37.25338338736518	30.87892778645632	host	gene-LUU82_10925	None	None	0.9789815454162311
gene-LUU82_09960	18.02110666796198	20.30677182014715	17.054933624314764	host	gene-LUU82_09960	None	None	0.15359862525454532
gene-LUU82_10470	31.92937836065722	35.06015557425177	35.294732819489525	host	gtfA	None	None	0.2878241522506426
gene-LUU82_07275	31.214817309824184	39.48873223412878	36.86546856900139	host	gene-LUU82_07275	None	None	0.46031193337602194
gene-LUU82_02275	39.778730071784985	45.955949844348744	41.33851677641119	host	gene-LUU82_02275	None	None	0.3051147707333552
gene-LUU82_03070	909.8711387264389	1127.4862027831311	1030.0211846459683	host	gene-LUU82_03070	None	None	9.813745436382469
gene-LUU82_07960	7.238934045175114	6.925210468447733	6.96269406290677	host	gltB	None	None	0.12289534632570415
gene-LUU82_07040	25.746168092520026	23.48685826124075	23.248082469441595	host	mnhB2	None	None	0.3024675348801752
gene-LUU82_00220	46.784101085205265	61.47179452620585	54.466774347647025	host	gene-LUU82_00220	None	None	0.9237278974140727
gene-LUU82_04215	98.5595927954945	115.08401354076436	102.92879258746257	host	sucD	None	None	0.9095224038474079
gene-LUU82_08310	129.49411919062058	163.97369370752068	142.31173597012867	host	gene-LUU82_08310	None	None	1.9887912005242734
gene-LUU82_02775	110.30296028260534	132.5226580725815	112.06074728220932	host	gene-LUU82_02775	None	None	2.171066742009574
gene-SAM1_00029	631.1168942885198	198.3719993193416	365.9742517528195	phage	gene-SAM1_00029	early	early	81.37835880946571
gene-SAM1_00015	960.6351973268189	469.8445121525221	925.4246015958097	phage	gene-SAM1_00015	early	early	67.45442833664495
gene-LUU82_09625	29.819468964883374	37.87428570355864	37.183573954224286	host	gene-LUU82_09625	None	None	0.7445784830076133
gene-LUU82_07705	75.67898811529273	90.41350894890307	79.53536695533215	host	folB	None	None	0.8431139613126186
gene-LUU82_06015	6.512930770028766	6.40633351126127	6.516696012751218	host	gene-LUU82_06015	None	None	0.032698438245069565
gene-LUU82_12395	28.66971335370766	44.38031528955406	39.58163586347144	host	fdhD	None	None	1.2402907132146075
gene-LUU82_03265	124.23001730233096	178.23177646953948	147.22926587099155	host	gene-LUU82_03265	None	None	4.571058436842003
gene-LUU82_06600	53.934600999322406	43.58923272224869	35.541627054867824	host	queE	None	None	1.4318977266546307
gene-SAM1_00167	674.4275644179412	817.2929913072495	740.1021355837198	phage	gene-SAM1_00167	early	middle	9.018527736483668
gene-LUU82_08165	1.0781458361087755	1.2725143114878328	1.2225542069198394	host	gene-LUU82_08165	None	None	0.01250028921799816
gene-LUU82_11990	4.9383366204776395	4.537411339819946	4.132613327067991	host	gene-LUU82_11990	None	None	0.05177834429237657
gene-LUU82_00330	87.56139084003682	127.49720111871117	98.73504924560378	host	purB	None	None	3.3800045900043534
gene-LUU82_13105	148.8794205071279	170.47032080575482	142.3784180520021	host	gene-LUU82_13105	None	None	1.3650382201200615
gene-SAM1_00220	361.4852637245213	150.5798468924727	401.2259918863797	phage	gene-SAM1_00220	early	late	42.82297790584706
gene-LUU82_00475	368.30726623749905	443.17920670775294	427.902643890372	host	gene-LUU82_00475	None	None	7.442032217674761
gene-LUU82_01270	2.4021699138110684	2.7153748602974077	2.0571078381738377	host	gene-LUU82_01270	None	None	0.049931263313302755
gene-LUU82_01900	170.59830396477926	194.42434026082958	166.330385784159	host	gene-LUU82_01900	None	None	1.723165977051302
gene-LUU82_13240	46.96329885349302	51.03489685061019	44.47355464114298	host	gene-LUU82_13240	None	None	0.42275195991280873
gene-LUU82_07095	38.92712457240717	48.93811380203724	42.924086181963844	host	gene-LUU82_07095	None	None	0.6053108518289605
gene-LUU82_09665	2.2009398013360326	4.4620282041073915	2.5476202801970143	host	sbnC	None	None	0.39159516438756004
gene-LUU82_04850	89.28583074162505	102.08175399623018	83.2920960562595	host	gene-LUU82_04850	None	None	0.9572530236396695
gene-LUU82_10745	43.525876707827244	64.70903694302056	54.80191788615073	host	gene-LUU82_10745	None	None	2.618718269276195
gene-LUU82_06040	6.331087519764746	9.024557523378673	11.542609019927868	host	gene-LUU82_06040	None	None	0.7104502493990631
gene-LUU82_13880	145.15362585774594	151.04082817461568	131.994201273335	host	gene-LUU82_13880	None	None	3.6039438174456824
gene-LUU82_13040	18.807325297400173	17.719752613456635	16.704892876001512	host	gene-LUU82_13040	None	None	0.3206033178681108
gene-LUU82_05115	46.334273519985494	76.20217300877356	67.51789947702962	host	purL	None	None	4.615104210468434
gene-LUU82_05320	1.6799751417398159	2.1272128124513006	1.7089491774986092	host	gene-LUU82_05320	None	None	0.07241919604091225
gene-LUU82_07955	16.401249018056113	14.372618425542052	14.209823168072482	host	gene-LUU82_07955	None	None	0.18454005009579427
gene-LUU82_09720	1.8043793891488757	1.8878733709216744	1.6962055226412411	host	gene-LUU82_09720	None	None	0.028147129984772118
gene-LUU82_13275	1386.8755151825796	1591.5517751413925	1254.9211769280973	host	atpE	None	None	38.88366769040062
gene-LUU82_00265	267.6700891616361	336.3700398081032	316.0910843177473	host	gene-LUU82_00265	None	None	3.830788710848457
gene-LUU82_05380	29.7645345315622	33.249625652529126	26.651940904338648	host	gene-LUU82_05380	None	None	0.35269660957281457
gene-LUU82_08130	11.6548064347577	26.21540473615744	43.804670228537724	host	spn	None	None	6.638519379746781
gene-LUU82_08430	76.86063306632651	68.14751494882795	52.56728386756398	host	gene-LUU82_08430	None	None	1.744562896657888
gene-LUU82_06020	4.632148397362879	5.3908437177997675	5.859761876102422	host	gene-LUU82_06020	None	None	0.08362727677524118
gene-LUU82_10510	4.820540773939711	5.847007691302427	5.1546161338820875	host	gene-LUU82_10510	None	None	0.06500719828850499
gene-LUU82_11900	49.65774500147385	55.88503479302786	49.706261389160744	host	gene-LUU82_11900	None	None	0.2620175040890439
gene-LUU82_01190	80.11875833007373	74.93463894445533	60.69532192661452	host	gene-LUU82_01190	None	None	1.5829905727974007
gene-LUU82_11785	64.22829961870188	71.34717010959609	58.793433578883345	host	gene-LUU82_11785	None	None	0.830836298844264
gene-LUU82_04105	208.91655843234523	193.15590113583517	162.51699964060543	host	nusA	None	None	2.474800072348238
gene-SAM1_00172	552.7628452768867	684.3307645270455	805.0988365801026	phage	gene-SAM1_00172	early	late	19.44100540860554
gene-LUU82_04810	13.173271433385148	31.71955404335765	15.011670996929944	host	isdC	None	None	4.110452041344023
gene-LUU82_08545	7.2914222340020585	7.381711269407869	7.356777708627678	host	gene-LUU82_08545	None	None	0.0837544107098255
gene-LUU82_12340	6.817203102820717	8.844814744414913	8.769120505402574	host	gene-LUU82_12340	None	None	0.14358976209807958
gene-LUU82_13845	88.28447652371067	92.54679907320588	83.36861525247167	host	gene-LUU82_13845	None	None	1.9250075921396126
gene-LUU82_12000	170.2666488107199	173.39993146335073	169.36735581999025	host	gene-LUU82_12000	None	None	0.7499809731268215
gene-LUU82_02635	119.75601616685223	128.472463219714	116.1173377543022	host	gene-LUU82_02635	None	None	0.7108039359309539
gene-LUU82_10675	11.664766910736803	13.176814384255332	12.149178289084213	host	gene-LUU82_10675	None	None	0.06945947905557613
gene-LUU82_07965	3.8928566873429795	4.570194264940622	4.64248761771809	host	gene-LUU82_07965	None	None	0.06707130324282329
gene-LUU82_08520	0.9940933933797572	1.2059717006608948	1.3930486559558661	host	gene-LUU82_08520	None	None	0.04787893177027665
gene-LUU82_08600	12.12330329082726	17.927075749565812	13.70683238764336	host	gene-LUU82_08600	None	None	0.6191500160295161
gene-LUU82_03795	22.66210808859829	31.12970466054925	30.836240004807383	host	gene-LUU82_03795_gene_cls	None	None	0.6901927109926259
gene-LUU82_09145	3.148967835126097	6.724165760049828	2.3369448496962306	host	gene-LUU82_09145	None	None	3.578147919161565
gene-LUU82_00255	36.07429449986072	50.30991030904963	44.80840105339206	host	gene-LUU82_00255	None	None	0.9530628172072414
gene-LUU82_10750	37.73204534708794	42.24072458046788	37.79035364043895	host	gene-LUU82_10750_gene_budA	None	None	0.25645999322466323
gene-LUU82_04485	246.5065465061041	280.4610394500639	245.88309603943912	host	gene-LUU82_04485	None	None	2.0150256386199996
gene-LUU82_10640	50.76582938682315	57.767858534789106	62.10661847227922	host	gene-LUU82_10640	None	None	1.6200677691529846
gene-LUU82_06660	100.54814377367848	111.43276148899484	77.36996327791503	host	gene-LUU82_06660	None	None	2.8271421230193208
gene-LUU82_00205	35.721120557169506	55.67035992276567	51.69279449926648	host	pmtD	None	None	1.8386726053695965
gene-LUU82_00865	45.41371419013546	51.99759519520101	47.29354580461581	host	gene-LUU82_00865	None	None	0.48120920459321087
gene-LUU82_11245	4.465495221417627	6.179712986398758	5.061565313239163	host	gntK	None	None	0.29320561540100976
gene-LUU82_04915	265.0009914959943	239.47697667022263	184.9070240936942	host	typA	None	None	5.256202325845342
gene-LUU82_00735	38.75091411085889	74.18567522138189	234.61921039574403	host	gene-LUU82_00735	None	None	63.527985064939635
gene-LUU82_04575	6.031083524100796	5.126712580332382	5.200456595176248	host	gene-LUU82_04575	None	None	0.20172333143746787
gene-LUU82_07590	160.02271811178903	209.52872283640025	180.40627531174223	host	gene-LUU82_07590	None	None	2.5314631538414
gene-LUU82_09815	22.901095904888916	23.9900607939497	21.726886677004064	host	gene-LUU82_09815	None	None	0.10603168704951495
gene-LUU82_11955	62.25543005610468	147.73590614944968	46.07792901939124	host	gene-LUU82_11955	None	None	85.85199194706237
gene-LUU82_05715	19.60588736368332	22.340857273334482	20.2005005790494	host	gene-LUU82_05715	None	None	0.5234224183384196
gene-SAM1_00089	871.2410113495015	856.1035055513815	895.3360417907061	phage	gene-SAM1_00089	early	late	9.317222973413353
gene-LUU82_04910	137.77868994276125	151.8680076808014	135.02798421162348	host	gene-LUU82_04910	None	None	0.5923328449610482
gene-LUU82_05595	1.5941692503200722	1.9108933228009175	1.7683868745818554	host	gene-LUU82_05595	None	None	0.02805066981059283
gene-LUU82_01945	30.234129736387683	41.942616640944884	37.77807633350013	host	polA	None	None	0.8909267446054999
gene-LUU82_03735	9.138170812602912	9.732064668886053	10.931476623586699	host	thrB	None	None	0.2241746153310232
gene-LUU82_09025	1.602140542952642	1.7773445624248614	2.192299112978524	host	gene-LUU82_09025	None	None	0.0880614822213274
gene-LUU82_06395	145.27096187143925	164.5291337730696	130.14103317329636	host	fakB1	None	None	1.9677102703922347
gene-LUU82_08850	13.87485570717432	20.415695002813266	23.840424112233194	host	gene-LUU82_08850	None	None	0.8889717939679725
gene-LUU82_07165	11.383886814180954	15.215259583862311	14.082404320883903	host	gene-LUU82_07165	None	None	0.2525002050038964
gene-LUU82_12105	30.14259046488411	36.557466120179654	31.520164261780042	host	gene-LUU82_12105	None	None	0.3237369812171211
gene-SAM1_00175	3059.985946265832	1834.1158601977666	2200.5421083938813	phage	gene-SAM1_00175	early	early	130.1097533795076
gene-LUU82_02015	73.64850708131928	82.09165832889917	72.0462172508232	host	gene-LUU82_02015	None	None	0.43235103506898387
gene-LUU82_13645	3.53132910728529	3.7394507110570885	2.9586264276262213	host	gene-LUU82_13645	None	None	0.0460786727861719
gene-LUU82_04190	187.6605706133042	177.9188749330576	164.6546755963194	host	trmFO	None	None	1.6537941108617429
gene-LUU82_12150	25.584913953397784	24.85528585877194	26.596959810532354	host	gene-LUU82_12150	None	None	0.6631637782776807
gene-LUU82_03405	2.1726172853297676	3.368402231632301	3.8268756661701353	host	gene-LUU82_03405	None	None	0.22734418735970438
gene-LUU82_04275	48.39699792443336	54.80823217764814	48.1479046222207	host	smc	None	None	0.4039942072034291
gene-LUU82_06385	1.8710029563200476	1.7892930381934053	1.381376671866815	host	gene-LUU82_06385	None	None	0.04615855385386013
gene-LUU82_13345	1.748009099183962	2.208105538719534	1.9263477648355372	host	tenA	None	None	0.044349025320210525
gene-LUU82_02670	18.832583099498724	22.718003739984358	19.885188783234288	host	gene-LUU82_02670	None	None	0.27312504674424054
gene-LUU82_01835	56.59467242433502	62.910241938655496	49.6916758437845	host	gene-LUU82_01835	None	None	0.7017713479318194
gene-LUU82_09230	4.875275910735164	5.255280671869367	4.917490519362347	host	gene-LUU82_09230	None	None	0.025707348571647262
gene-LUU82_04835	41.924104401278946	41.37676422121283	34.1844482072764	host	gene-LUU82_04835	None	None	0.4106200797944439
gene-LUU82_12645	9282.258265349163	8681.312423638063	8009.07971990967	host	rpmD	None	None	171.70089393048934
gene-LUU82_09740	8.899320593762141	10.25701776450603	9.909945886020578	host	gene-LUU82_09740	None	None	0.15878788946271838
gene-LUU82_13200	225.28966335534096	241.22093004458145	205.46142266585449	host	gene-LUU82_13200	None	None	1.7529804966388005
gene-LUU82_02660	1.9337001320431095	2.919619328346469	2.2223880816994592	host	gene-LUU82_02660	None	None	0.1597626693539038
gene-LUU82_11835	38.64155317766237	108.9008704719592	35.683564466424436	host	nreA	None	None	70.41891900122349
gene-LUU82_13250	197.98710504630048	267.18303887486013	255.0768246852568	host	gene-LUU82_13250	None	None	7.017281069450231
gene-LUU82_12695	31.431855516726078	37.1079558978704	32.97258628263436	host	gene-LUU82_12695	None	None	0.24683555195209192
gene-SAM1_00171	459.44996710773404	1930.9332233787954	2204.98280401666	phage	gene-SAM1_00171	early	late	399.1115090404193
gene-LUU82_00920	1965.40562220857	2563.8159005299017	2508.1337343252635	host	gene-LUU82_00920	None	None	183.5058033594053
gene-LUU82_11390	2.2407120509512892	2.7665865742235325	2.24424789292126	host	gene-LUU82_11390	None	None	0.06868474951566393
gene-LUU82_08465	82.25904820935493	87.7727452332009	71.99814606966483	host	gene-LUU82_08465	None	None	0.7774359677045831
gene-LUU82_01530	27.633988624793876	32.46233000728357	32.74660565276808	host	gene-LUU82_01530	None	None	0.6799106404577667
gene-LUU82_12610	4515.976648631652	4254.0428094817025	3933.340605402492	host	rplX	None	None	69.49785430817406
gene-SAM1_00134	2831.0118724356034	850.1607554569755	1282.3505360607915	phage	gene-SAM1_00134	early	early	457.244108110727
gene-LUU82_10920	129.5743169827825	134.70462224248263	121.75351939432608	host	gene-LUU82_10920	None	None	0.5420911922327472
gene-LUU82_10565	126.59502043098264	144.1936826743591	127.73167905922391	host	clfB	None	None	3.3379934087216174
gene-LUU82_13215	5333.328371568594	4900.193458838915	3924.290642995524	host	gene-LUU82_13215	None	None	127.26741498163524
gene-LUU82_13805	199.1305680778205	208.24928197701175	187.62562654697578	host	gene-LUU82_13805	None	None	3.5973763144228434
gene-LUU82_09240	1.8779842282132393	2.3354183303297265	2.3982298569397993	host	gene-LUU82_09240	None	None	0.08650472968797138
gene-LUU82_11065	102.57350844775551	128.32849931626237	162.98632664416314	host	gene-LUU82_11065	None	None	5.7804562105823045
gene-SAM1_00036	768.8166208624328	255.9993375742772	571.5141366503897	phage	gene-SAM1_00036	early	early	87.80480080972957
gene-LUU82_13360	3.8649043182877834	4.256772952256019	3.9436537751074883	host	thiE	None	None	0.044822625386858515
gene-LUU82_12455	55.226793345816624	67.92542297740181	61.840289089886674	host	moaA	None	None	0.7216793575584967
gene-LUU82_05525	1.1969298901724719	1.241539159217732	1.052543331366888	host	gene-LUU82_05525	None	None	0.047124539146149134
gene-LUU82_10665	1.320346917260928	1.060965668979508	0.8527523771500238	host	gene-LUU82_10665	None	None	0.11161732592206688
gene-LUU82_06810	113.06692889130512	145.59379237420566	129.8569499511942	host	gene-LUU82_06810	None	None	1.5983759354706688
gene-LUU82_00615	60.981096891814765	83.11915705554674	99.63848286817	host	gene-LUU82_00615	None	None	3.7658800459134443
gene-LUU82_07690	202.21687730431745	234.3129043298308	213.22859972713664	host	lysS	None	None	1.2669793664664544
gene-LUU82_11520	24.048849500494658	31.77182748810054	28.860661560500414	host	gene-LUU82_11520	None	None	0.421748806121116
